0 0.950521 0.421296 0.0302083 0.0666667
0 0.611719 0.47963 0.0182292 0.0703704
0 0.892187 0.428241 0.015625 0.0472222
0 0.596875 0.494907 0.0510417 0.123148
0 0.875521 0.412963 0.0229167 0.087037
0 0.347135 0.491667 0.0536458 0.222222
0 0.74401 0.459259 0.0223958 0.181481
0 0.56901 0.512963 0.0515625 0.140741
0 0.196094 0.495833 0.199479 0.987963
0 0.920313 0.664815 0.159375 0.538889
0 0.720833 0.465741 0.0291667 0.190741
0 0.975 0.332407 0.05 0.218519
0 0.683333 0.466667 0.040625 0.188889
0 0.792188 0.464815 0.120833 0.62037
