0 0.492448 0.581481 0.0307292 0.05
0 0.680208 0.483333 0.0916667 0.298148
0 0.42474 0.616204 0.0359375 0.137963
0 0.771094 0.551852 0.0130208 0.037037
0 0.85026 0.532407 0.0953125 0.427778
0 0.552344 0.558796 0.0307292 0.0842593
0 0.929948 0.852315 0.139062 0.278704
0 0.578125 0.591667 0.03125 0.155556
0 0.447135 0.660185 0.0567708 0.137037
0 0.61224 0.555093 0.0401042 0.156481
0 0.0398437 0.692593 0.0796875 0.201852
0 0.197656 0.628241 0.0640625 0.243519
0 0.699479 0.618056 0.144792 0.578704
0 0.373958 0.603241 0.075 0.406481
0 0.479948 0.796759 0.364062 0.397222
