0 0.485156 0.550926 0.0421875 0.087037
0 0.742448 0.496296 0.00885417 0.0259259
0 0.509115 0.502315 0.0151042 0.037963
0 0.545573 0.502778 0.0151042 0.0166667
0 0.690885 0.519444 0.0171875 0.0814815
0 0.570573 0.505556 0.0130208 0.0185185
0 0.673698 0.506019 0.0161458 0.0694444
0 0.0117188 0.625926 0.0234375 0.140741
0 0.700781 0.506481 0.0203125 0.116667
0 0.859375 0.709259 0.28125 0.568519
0 0.906771 0.506944 0.0375 0.252778
0 0.225 0.551852 0.0770833 0.240741
0 0.833333 0.381019 0.071875 0.182407
0 0.436719 0.75 0.482812 0.481481
0 0.294792 0.519444 0.090625 0.433333
