0 0.835417 0.393519 0.0229167 0.0703704
0 0.9375 0.422685 0.028125 0.0675926
0 0.63151 0.464815 0.0296875 0.103704
0 0.978906 0.348148 0.0421875 0.144444
0 0.610156 0.510648 0.0442708 0.10463
0 0.886198 0.414815 0.0359375 0.0907407
0 0.852865 0.421759 0.0307292 0.0861111
0 0.565885 0.506019 0.0536458 0.162037
0 0.928646 0.665278 0.142708 0.556481
0 0.273438 0.343056 0.270833 0.582407
0 0.802344 0.458796 0.0640625 0.271296
0 0.0760417 0.285648 0.078125 0.323148
0 0.679948 0.468981 0.0682292 0.289815
0 0.34375 0.487963 0.065625 0.235185
