0 0.724219 0.33287 0.108854 0.160185
0 0.917448 0.364352 0.0390625 0.167593
0 0.841667 0.427315 0.0166667 0.0472222
0 0.413542 0.4375 0.075 0.0972222
0 0.94349 0.846759 0.111979 0.299074
0 0.594792 0.425926 0.0270833 0.0833333
0 0.590885 0.515741 0.0526042 0.112963
0 0.732552 0.487963 0.130729 0.451852
0 0.648177 0.530556 0.0421875 0.0981481
0 0.949219 0.427315 0.0817708 0.386111
0 0.667448 0.493519 0.0307292 0.0851852
0 0.541146 0.49213 0.0604167 0.169444
0 0.804688 0.468981 0.04375 0.200926
0 0.0789063 0.577778 0.0848958 0.272222
