0 0.678125 0.458796 0.0145833 0.0694444
0 0.775 0.471296 0.0135417 0.105556
0 0.98125 0.838889 0.0375 0.309259
0 0.786458 0.472222 0.015625 0.103704
0 0.875781 0.421759 0.0223958 0.0509259
0 0.977604 0.440741 0.0447917 0.209259
0 0.596354 0.478241 0.0302083 0.100926
0 0.665365 0.495833 0.0348958 0.087963
0 0.958333 0.774537 0.0822917 0.432407
0 0.8 0.472222 0.0177083 0.101852
0 0.627865 0.469444 0.0348958 0.168519
0 0.764583 0.469907 0.015625 0.113889
0 0.905469 0.430093 0.0234375 0.0657407
0 0.739583 0.471296 0.021875 0.116667
0 0.540104 0.476389 0.0447917 0.232407
0 0.0747396 0.575926 0.0640625 0.275926
