0 0.674479 0.45787 0.0197917 0.0657407
0 0.973698 0.594907 0.0515625 0.115741
0 0.921354 0.375463 0.03125 0.171296
0 0.856771 0.425926 0.0166667 0.0388889
0 0.665625 0.497685 0.0375 0.0953704
0 0.588542 0.518056 0.0447917 0.113889
0 0.867448 0.429167 0.0234375 0.062037
0 0.721354 0.471296 0.025 0.131481
0 0.961458 0.454167 0.0708333 0.265741
0 0.758854 0.472685 0.021875 0.119444
0 0.938542 0.812037 0.121875 0.368519
0 0.888802 0.424074 0.0276042 0.0703704
0 0.553125 0.513426 0.0760417 0.163889
0 0.442708 0.459259 0.0604167 0.427778
0 0.801823 0.489815 0.0567708 0.309259
0 0.0828125 0.57963 0.0833333 0.266667
