0 0.566406 0.384259 0.0307292 0.0648148
0 0.728385 0.463426 0.0307292 0.130556
0 0.653906 0.49537 0.0255208 0.0851852
0 0.54974 0.50463 0.0473958 0.174074
0 0.877083 0.383796 0.0625 0.175
0 0.527604 0.55 0.0625 0.157407
0 0.39349 0.442593 0.0651042 0.125926
0 0.671094 0.49537 0.0286458 0.0851852
0 0.161979 0.63287 0.0802083 0.24537
0 0.796615 0.446759 0.0473958 0.237963
0 0.813021 0.585648 0.0854167 0.152778
0 0.509635 0.474074 0.0557292 0.335185
0 0.950521 0.425463 0.078125 0.376852
0 0.0875 0.573611 0.0895833 0.262037
0 0.297917 0.469444 0.185417 0.612963
0 0.598698 0.476852 0.0546875 0.298148
