0 0.656510 0.514815 0.033854 0.207407
0 0.849479 0.407407 0.016667 0.037037
0 0.940365 0.293056 0.030729 0.075000
0 0.906771 0.429167 0.033333 0.067593
0 0.859896 0.401852 0.009375 0.033333
0 0.641927 0.401852 0.025521 0.100000
0 0.870313 0.403241 0.017708 0.037963
0 0.959375 0.394444 0.079167 0.433333
0 0.322917 0.484722 0.064583 0.234259
0 0.532292 0.452315 0.058333 0.300926
0 0.814063 0.496296 0.098958 0.590741
0 0.103906 0.492593 0.196354 0.983333
0 0.710677 0.491204 0.131771 0.663889
0 0.200781 0.650926 0.075521 0.212963
