0 0.443229 0.65463 0.0479167 0.131481
0 0.682031 0.437963 0.0401042 0.183333
0 0.482031 0.577315 0.0265625 0.0361111
0 0.863021 0.586111 0.090625 0.568519
0 0.550521 0.550463 0.0260417 0.0657407
0 0.884115 0.761574 0.230729 0.467593
0 0.423177 0.609259 0.0401042 0.103704
0 0.598698 0.593982 0.0223958 0.176852
0 0.736458 0.538426 0.0239583 0.0694444
0 0.577865 0.581481 0.0265625 0.138889
0 0.0309896 0.680093 0.0619792 0.197222
0 0.197135 0.628704 0.0630208 0.244444
0 0.659635 0.600926 0.109896 0.612963
0 0.114063 0.610648 0.151042 0.725
0 0.508333 0.789352 0.272917 0.408333
