0 0.695312 0.393056 0.023958 0.076852
0 0.565885 0.512500 0.044271 0.147222
0 0.896875 0.427315 0.018750 0.054630
0 0.848698 0.419444 0.029687 0.085185
0 0.874740 0.412963 0.024479 0.088889
0 0.776563 0.459259 0.065625 0.259259
0 0.923958 0.666667 0.151042 0.566667
0 0.717708 0.463889 0.035417 0.225926
0 0.100000 0.572685 0.100000 0.276852
0 0.682292 0.469444 0.042708 0.181481
0 0.969531 0.326852 0.059896 0.177778
0 0.611979 0.460648 0.068750 0.373148
0 0.343490 0.490741 0.065104 0.218519
0 0.009896 0.664352 0.018750 0.173148
