0 0.677865 0.474074 0.0182292 0.103704
0 0.670573 0.493056 0.0244792 0.0842593
0 0.590885 0.446296 0.0338542 0.192593
0 0.660677 0.496296 0.0307292 0.0888889
0 0.546615 0.503704 0.0557292 0.172222
0 0.908594 0.417593 0.0276042 0.0703704
0 0.484375 0.476389 0.0458333 0.293519
0 0.730729 0.456481 0.0302083 0.12963
0 0.805729 0.428704 0.046875 0.211111
0 0.523958 0.548611 0.071875 0.156481
0 0.875781 0.431019 0.0296875 0.0787037
0 0.820052 0.587037 0.0984375 0.15
0 0.0898438 0.575 0.0869792 0.253704
0 0.839583 0.430093 0.0322917 0.0953704
0 0.150781 0.622685 0.101562 0.262037
0 0.947917 0.427315 0.0833333 0.375
0 0.288021 0.463426 0.205208 0.643519
0 0.618229 0.477315 0.05625 0.302778
