0 0.683073 0.473148 0.0244792 0.0648148
0 0.0106771 0.64537 0.0213542 0.194444
0 0.697396 0.439815 0.0270833 0.166667
0 0.959375 0.481481 0.0802083 0.955556
0 0.630469 0.463889 0.0359375 0.101852
0 0.714063 0.468981 0.0291667 0.191667
0 0.676042 0.519907 0.0520833 0.123148
0 0.56875 0.488426 0.0552083 0.167593
0 0.876302 0.401852 0.0421875 0.116667
0 0.35651 0.501389 0.0848958 0.20463
0 0.0994792 0.56713 0.084375 0.271296
0 0.819271 0.4625 0.065625 0.49537
0 0.755469 0.468519 0.0744792 0.344444
