0 0.929167 0.415741 0.0229167 0.0481481
0 0.788021 0.487037 0.0229167 0.0574074
0 0.794531 0.438426 0.0161458 0.0546296
0 0.614844 0.505093 0.0557292 0.110185
0 0.700521 0.489352 0.0270833 0.0916667
0 0.890885 0.420833 0.0203125 0.0768519
0 0.0104167 0.643981 0.0208333 0.187963
0 0.909115 0.405556 0.0234375 0.0611111
0 0.873698 0.413426 0.0223958 0.0898148
0 0.563281 0.486574 0.0619792 0.160185
0 0.682552 0.455093 0.0307292 0.20463
0 0.845052 0.472222 0.0453125 0.283333
0 0.92526 0.673611 0.149479 0.497222
0 0.101042 0.572685 0.102083 0.271296
0 0.389323 0.45 0.110937 0.707407
