0 0.84349 0.431019 0.0182292 0.0694444
0 0.936458 0.416667 0.0208333 0.0518519
0 0.979948 0.408333 0.0401042 0.357407
0 0.674219 0.466667 0.0234375 0.0574074
0 0.760938 0.469444 0.0166667 0.157407
0 0.915104 0.408333 0.028125 0.0537037
0 0.698698 0.436574 0.0338542 0.163889
0 0.861719 0.427778 0.0213542 0.0703704
0 0.742969 0.4625 0.0244792 0.162037
0 0.883854 0.422685 0.0260417 0.0731481
0 0.563542 0.463426 0.0520833 0.232407
0 0.340104 0.48287 0.0635417 0.237963
0 0.191406 0.590741 0.140104 0.32037
0 0.797135 0.479167 0.0807292 0.428704
0 0.105729 0.573611 0.0989583 0.271296
