0 0.781771 0.480556 0.0166667 0.140741
0 0.825 0.423611 0.021875 0.115741
0 0.4875 0.477315 0.04375 0.293519
0 0.0796875 0.558796 0.157292 0.836111
0 0.604688 0.39213 0.0375 0.0953704
0 0.688281 0.480556 0.0265625 0.261111
0 0.809375 0.423611 0.05625 0.206481
0 0.895833 0.418519 0.034375 0.0648148
0 0.948958 0.426852 0.0791667 0.377778
0 0.854948 0.427315 0.0265625 0.0768519
0 0.534896 0.4625 0.040625 0.110185
0 0.813542 0.580093 0.0854167 0.14537
0 0.513021 0.548611 0.065625 0.15463
0 0.342708 0.462963 0.0885417 0.183333
0 0.749479 0.475 0.05625 0.307407
0 0.65651 0.46713 0.0713542 0.339815
