0 0.816146 0.428241 0.0239583 0.123148
0 0.63125 0.55787 0.0291667 0.113889
0 0.570052 0.454167 0.0328125 0.212037
0 0.551562 0.503241 0.05 0.173148
0 0.526563 0.550926 0.06875 0.155556
0 0.874479 0.461574 0.059375 0.334259
0 0.729167 0.463889 0.03125 0.135185
0 0.658073 0.49537 0.0338542 0.0851852
0 0.671354 0.493056 0.028125 0.0824074
0 0.795052 0.447222 0.0442708 0.237037
0 0.952344 0.423611 0.0755208 0.375
0 0.813021 0.585185 0.0833333 0.15
0 0.507812 0.47037 0.0520833 0.327778
0 0.16276 0.632407 0.0817708 0.246296
0 0.0890625 0.572222 0.0864583 0.261111
0 0.599219 0.475926 0.0536458 0.301852
0 0.298958 0.463889 0.1875 0.618519
