0 0.825781 0.42037 0.0203125 0.116667
0 0.840365 0.450926 0.0130208 0.0351852
0 0.614323 0.400926 0.0380208 0.107407
0 0.866667 0.429167 0.0229167 0.0824074
0 0.813281 0.581481 0.0859375 0.153704
0 0.810938 0.417593 0.0520833 0.196296
0 0.899219 0.419907 0.0296875 0.0601852
0 0.945573 0.422222 0.0807292 0.364815
0 0.320052 0.436111 0.0557292 0.333333
0 0.691146 0.480556 0.05625 0.281481
0 0.641406 0.472222 0.0588542 0.335185
0 0.757292 0.475926 0.0604167 0.290741
0 0.505469 0.537037 0.0723958 0.164815
0 0.0908854 0.59213 0.0911458 0.258333
0 0.161719 0.636111 0.134896 0.237037
