0 0.778385 0.419907 0.0203125 0.0490741
0 0.00963542 0.644444 0.0192708 0.185185
0 0.902083 0.412037 0.0166667 0.0518519
0 0.783854 0.461111 0.0333333 0.12963
0 0.877604 0.405556 0.015625 0.0481481
0 0.882031 0.422222 0.0307292 0.0740741
0 0.91875 0.411111 0.0229167 0.062963
0 0.845573 0.469907 0.0421875 0.286111
0 0.927865 0.656482 0.144271 0.540741
0 0.113281 0.389815 0.0557292 0.187037
0 0.0960938 0.564815 0.0807292 0.27037
0 0.278646 0.485648 0.123958 0.549074
0 0.407292 0.496296 0.205208 0.990741
0 0.610937 0.3875 0.186458 0.612037
