0 0.678125 0.487037 0.0104167 0.0351852
0 0.692448 0.491667 0.0161458 0.0444444
0 0.671354 0.509722 0.0114583 0.0638889
0 0.901042 0.473148 0.0270833 0.0833333
0 0.902604 0.536574 0.164583 0.306481
0 0.301042 0.426852 0.078125 0.235185
0 0.910156 0.428704 0.0515625 0.181481
0 0.711198 0.516667 0.0338542 0.151852
0 0.240104 0.49537 0.0864583 0.744444
0 0.61901 0.502778 0.0348958 0.142593
0 0.884896 0.734259 0.230208 0.525926
0 0.113021 0.49537 0.220833 0.985185
0 0.432813 0.684722 0.41875 0.606481
