0 0.0111979 0.184259 0.0223958 0.148148
0 0.929948 0.412963 0.0276042 0.0666667
0 0.732031 0.458333 0.0286458 0.103704
0 0.558594 0.447222 0.0338542 0.0740741
0 0.883073 0.409722 0.0192708 0.0916667
0 0.961719 0.402315 0.0765625 0.380556
0 0.356771 0.49213 0.0697917 0.225
0 0.682552 0.427778 0.0307292 0.122222
0 0.567708 0.531944 0.059375 0.167593
0 0.0960938 0.572685 0.0838542 0.271296
0 0.638802 0.48287 0.0526042 0.223148
0 0.809375 0.399537 0.123958 0.334259
0 0.232552 0.564815 0.105729 0.233333
