0 0.983333 0.865741 0.0322917 0.196296
0 0.892448 0.389352 0.0151042 0.0398148
0 0.885417 0.416667 0.0322917 0.087037
0 0.608073 0.522685 0.0473958 0.126852
0 0.0195312 0.584722 0.0390625 0.0435185
0 0.926302 0.407407 0.0286458 0.0666667
0 0.622135 0.501389 0.0369792 0.147222
0 0.854688 0.406481 0.040625 0.112963
0 0.809635 0.45787 0.0651042 0.563889
0 0.953646 0.402778 0.0927083 0.385185
0 0.33776 0.478704 0.0619792 0.225926
0 0.10625 0.47963 0.0895833 0.583333
0 0.535417 0.459722 0.104167 0.406481
0 0.73125 0.429167 0.191667 0.763889
