0 0.684896 0.39537 0.0197917 0.105556
0 0.777344 0.350926 0.0223958 0.0481481
0 0.660677 0.412037 0.0307292 0.0592593
0 0.831771 0.478704 0.0645833 0.4
0 0.526042 0.542593 0.0458333 0.168519
0 0.597656 0.469907 0.0265625 0.0805556
0 0.622396 0.54537 0.0510417 0.138889
0 0.733073 0.403241 0.0838542 0.35463
0 0.0148437 0.561111 0.0296875 0.474074
0 0.551562 0.517593 0.0395833 0.148148
0 0.609635 0.425926 0.0609375 0.168519
0 0.0835937 0.573148 0.0859375 0.27037
0 0.91224 0.602315 0.174479 0.756481
0 0.441146 0.47963 0.163542 0.67963
