0 0.870573 0.577315 0.0786458 0.150926
0 0.598698 0.454167 0.0234375 0.0694444
0 0.820312 0.463889 0.071875 0.333333
0 0.835417 0.434722 0.0270833 0.0787037
0 0.861979 0.42963 0.025 0.0759259
0 0.621615 0.464815 0.0213542 0.0777778
0 0.471094 0.462037 0.0505208 0.298148
0 0.636458 0.43287 0.03125 0.173148
0 0.597917 0.541667 0.0697917 0.172222
0 0.744531 0.471759 0.116146 0.50463
0 0.543229 0.502778 0.04375 0.175926
0 0.517448 0.541667 0.0630208 0.166667
0 0.628906 0.545833 0.0442708 0.136111
0 0.94375 0.419907 0.0958333 0.386111
0 0.305469 0.493056 0.265104 0.986111
