0 0.929688 0.416667 0.01875 0.0462963
0 0.0210938 0.519907 0.0421875 0.602778
0 0.678125 0.355556 0.028125 0.0962963
0 0.86875 0.41713 0.0177083 0.0564815
0 0.883333 0.426389 0.0135417 0.0361111
0 0.845573 0.473148 0.0432292 0.268519
0 0.432552 0.456944 0.0692708 0.425
0 0.0838542 0.574537 0.0833333 0.265741
0 0.953125 0.420833 0.078125 0.393519
0 0.901823 0.424537 0.0265625 0.0768519
0 0.740365 0.473611 0.126563 0.506481
0 0.551562 0.482407 0.0885417 0.646296
0 0.620313 0.464352 0.0927083 0.434259
0 0.471875 0.49537 0.19375 0.764815
