0 0.854948 0.397685 0.0546875 0.141667
0 0.926562 0.405556 0.0270833 0.062963
0 0.674219 0.493519 0.0255208 0.0944444
0 0.9625 0.467593 0.075 0.42037
0 0.896615 0.424074 0.0203125 0.0703704
0 0.859115 0.47037 0.0598958 0.272222
0 0.98125 0.297222 0.0364583 0.103704
0 0.799219 0.440278 0.0359375 0.141667
0 0.821094 0.459259 0.0223958 0.137037
0 0.614323 0.512037 0.0661458 0.17963
0 0.104687 0.572685 0.0989583 0.273148
0 0.347135 0.483796 0.0744792 0.228704
0 0.732552 0.453241 0.134896 0.663889
0 0.225521 0.578704 0.115625 0.309259
