0 0.823438 0.448611 0.028125 0.121296
0 0.949219 0.365741 0.0307292 0.172222
0 0.629427 0.474537 0.0348958 0.119444
0 0.605469 0.506019 0.0369792 0.112037
0 0.688802 0.47963 0.0296875 0.157407
0 0.558073 0.498148 0.0515625 0.183333
0 0.888281 0.418519 0.0317708 0.0833333
0 0.979427 0.339352 0.0411458 0.182407
0 0.928906 0.662963 0.142188 0.553704
0 0.413021 0.455556 0.0864583 0.544444
0 0.0372396 0.215278 0.0744792 0.334259
0 0.740365 0.460648 0.105729 0.40463
0 0.320052 0.469907 0.149479 0.800926
