0 0.950521 0.518519 0.0989583 0.22037
0 0.0151042 0.30463 0.0291667 0.287037
0 0.609635 0.520833 0.0338542 0.087963
0 0.840365 0.420833 0.0182292 0.0564815
0 0.244271 0.356944 0.0833333 0.341667
0 0.547917 0.503704 0.05 0.177778
0 0.603385 0.466667 0.0244792 0.0796296
0 0.627604 0.422222 0.0427083 0.144444
0 0.867448 0.413889 0.0213542 0.062963
0 0.902604 0.418519 0.0354167 0.0777778
0 0.442187 0.502778 0.269792 0.938889
0 0.741406 0.477778 0.125521 0.507407
0 0.151823 0.47963 0.209896 0.887037
