0 0.777865 0.462037 0.0859375 0.275926
0 0.701042 0.426852 0.0302083 0.140741
0 0.605208 0.510648 0.046875 0.0990741
0 0.777344 0.394907 0.0401042 0.14537
0 0.891146 0.419907 0.0197917 0.0694444
0 0.622917 0.489352 0.0364583 0.112037
0 0.874219 0.4125 0.0234375 0.087963
0 0.558854 0.498611 0.0572917 0.180556
0 0.0747396 0.238426 0.0953125 0.337963
0 0.340365 0.365278 0.123438 0.625
0 0.678125 0.468519 0.053125 0.183333
0 0.93151 0.656018 0.136979 0.54537
0 0.96849 0.322222 0.0630208 0.187037
0 0.733854 0.466667 0.0458333 0.214815
0 0.29375 0.455556 0.221875 0.9
0 0.83151 0.45463 0.0776042 0.477778
