0 0.799219 0.412963 0.0130208 0.0407407
0 0.695573 0.421296 0.0119792 0.0481481
0 0.821354 0.390741 0.0302083 0.0518519
0 0.538802 0.475463 0.0234375 0.0898148
0 0.84375 0.428704 0.0260417 0.087037
0 0.748177 0.399537 0.0244792 0.0601852
0 0.653385 0.440741 0.0432292 0.174074
0 0.717708 0.439815 0.0416667 0.151852
0 0.779688 0.391667 0.028125 0.0796296
0 0.684896 0.448148 0.021875 0.101852
0 0.617969 0.447222 0.0223958 0.157407
0 0.457812 0.48287 0.071875 0.165741
0 0.923698 0.447685 0.104687 0.250926
