0 0.674479 0.436574 0.0166667 0.025
0 0.936979 0.353241 0.0479167 0.130556
0 0.906771 0.428704 0.0166667 0.0666667
0 0.665365 0.497685 0.0348958 0.0935185
0 0.889844 0.423148 0.0296875 0.0722222
0 0.732552 0.460648 0.0598958 0.191667
0 0.933333 0.827315 0.132292 0.337963
0 0.964323 0.451389 0.0671875 0.252778
0 0.589063 0.515278 0.0427083 0.121296
0 0.542188 0.471759 0.0572917 0.228704
0 0.815104 0.476852 0.0510417 0.333333
0 0.451562 0.461111 0.071875 0.425926
0 0.0828125 0.580093 0.0833333 0.265741
