0 0.611198 0.501389 0.0484375 0.0935185
0 0.945833 0.368981 0.0333333 0.173148
0 0.0622396 0.500463 0.122396 0.986111
0 0.979167 0.314815 0.0416667 0.17963
0 0.874219 0.416667 0.0255208 0.0814815
0 0.905469 0.408796 0.0213542 0.0638889
0 0.844792 0.469444 0.0416667 0.275926
0 0.916927 0.665741 0.165104 0.516667
0 0.629948 0.445833 0.0369792 0.0953704
0 0.563281 0.493056 0.0598958 0.175
0 0.344271 0.491667 0.0635417 0.225926
0 0.695573 0.466204 0.0817708 0.739815
0 0.773177 0.462963 0.0942708 0.411111
