0 0.677083 0.468981 0.0197917 0.0453704
0 0.835156 0.431019 0.0296875 0.150926
0 0.816667 0.464815 0.0208333 0.111111
0 0.695833 0.476389 0.01875 0.0472222
0 0.971354 0.416667 0.0541667 0.348148
0 0.677344 0.494444 0.0203125 0.0981481
0 0.605729 0.501852 0.0375 0.109259
0 0.58151 0.513426 0.0609375 0.150926
0 0.929688 0.413426 0.0239583 0.0583333
0 0.896094 0.415741 0.0203125 0.0574074
0 0.874479 0.42037 0.0322917 0.0722222
0 0.398438 0.494907 0.323958 0.986111
0 0.738542 0.450926 0.108333 0.553704
0 0.20651 0.474074 0.152604 0.835185
