0 0.88776 0.416667 0.0161458 0.0833333
0 0.727604 0.503241 0.046875 0.0824074
0 0.778125 0.419444 0.0270833 0.0574074
0 0.570833 0.512963 0.05 0.131481
0 0.614583 0.503241 0.05625 0.0990741
0 0.927083 0.413889 0.0270833 0.0648148
0 0.87526 0.414352 0.0203125 0.0898148
0 0.846094 0.468056 0.0411458 0.280556
0 0.663802 0.418981 0.0328125 0.130556
0 0.679167 0.5125 0.0541667 0.137963
0 0.811979 0.465741 0.0489583 0.32037
0 0.955729 0.632407 0.0885417 0.544444
0 0.523438 0.457407 0.0697917 0.418519
0 0.21224 0.425926 0.209896 0.838889
