0 0.607031 0.508333 0.0359375 0.111111
0 0.858073 0.428704 0.0359375 0.0740741
0 0.929948 0.323148 0.0432292 0.0851852
0 0.61849 0.425463 0.0244792 0.0990741
0 0.697396 0.450926 0.0375 0.181481
0 0.66276 0.465741 0.0307292 0.212963
0 0.950781 0.418981 0.0984375 0.386111
0 0.564323 0.460648 0.0484375 0.236111
0 0.773698 0.459722 0.0598958 0.382407
0 0.638021 0.471296 0.0489583 0.246296
0 0.107813 0.583333 0.1 0.255556
0 0.846094 0.456481 0.115104 0.5
0 0.198698 0.608333 0.127604 0.287037
0 0.355469 0.473148 0.136979 0.577778
