0 0.985677 0.876852 0.0276042 0.235185
0 0.496875 0.550463 0.0333333 0.10463
0 0.733854 0.471296 0.021875 0.0814815
0 0.567448 0.493519 0.0369792 0.181481
0 0.785156 0.461111 0.0151042 0.0537037
0 0.760938 0.462963 0.0270833 0.0814815
0 0.800521 0.451852 0.028125 0.0777778
0 0.866406 0.458796 0.0786458 0.378704
0 0.678125 0.353241 0.0864583 0.302778
0 0.213281 0.54537 0.0723958 0.251852
0 0.611719 0.482407 0.0640625 0.257407
0 0.0278646 0.652778 0.0546875 0.390741
0 0.89401 0.6875 0.210938 0.617593
0 0.619531 0.732407 0.213021 0.525926
