0 0.777604 0.421296 0.0291667 0.0666667
0 0.00677083 0.62963 0.0135417 0.138889
0 0.921875 0.415741 0.025 0.0611111
0 0.567708 0.488426 0.0416667 0.162037
0 0.885938 0.419444 0.0302083 0.0759259
0 0.878906 0.410648 0.0192708 0.0638889
0 0.732552 0.500463 0.0328125 0.087963
0 0.923958 0.655556 0.151042 0.538889
0 0.846615 0.468519 0.0442708 0.285185
0 0.81224 0.443056 0.0432292 0.176852
0 0.532292 0.462037 0.0791667 0.433333
0 0.680729 0.468519 0.0583333 0.22963
0 0.602083 0.465741 0.053125 0.327778
0 0.332552 0.484259 0.0630208 0.22963
0 0.0963542 0.564815 0.08125 0.272222
