0 0.682813 0.425463 0.0239583 0.0472222
0 0.660677 0.403241 0.0140625 0.0601852
0 0.674219 0.412963 0.0296875 0.0611111
0 0.842969 0.486574 0.0536458 0.249074
0 0.909896 0.57963 0.0666667 0.0944444
0 0.948698 0.423148 0.0828125 0.381481
0 0.622135 0.549537 0.0536458 0.128704
0 0.0226563 0.535648 0.0453125 0.602778
0 0.878646 0.400463 0.05 0.0916667
0 0.745833 0.477315 0.120833 0.510185
0 0.545833 0.504167 0.05625 0.176852
0 0.0859375 0.575 0.090625 0.262963
0 0.274219 0.484259 0.143229 0.624074
