0 0.678125 0.49213 0.0177083 0.0805556
0 0.883854 0.428241 0.01875 0.0342593
0 0.703125 0.402778 0.0354167 0.17963
0 0.819531 0.444907 0.0265625 0.100926
0 0.865365 0.431944 0.0244792 0.0935185
0 0.322656 0.494444 0.0401042 0.235185
0 0.950521 0.41713 0.0864583 0.386111
0 0.845833 0.427778 0.0270833 0.0814815
0 0.544531 0.44537 0.0369792 0.201852
0 0.758854 0.484259 0.1 0.562963
0 0.505208 0.536574 0.0666667 0.163889
0 0.644531 0.468981 0.0588542 0.334259
0 0.0872396 0.585185 0.0911458 0.262963
0 0.176563 0.628241 0.102083 0.24537
0 0.285677 0.507407 0.202604 0.872222
