0 0.606771 0.543519 0.0135417 0.0703704
0 0.903125 0.416204 0.0291667 0.0694444
0 0.504687 0.523611 0.03125 0.197222
0 0.831771 0.451389 0.01875 0.0564815
0 0.654167 0.494444 0.0239583 0.087037
0 0.947396 0.415278 0.0822917 0.373148
0 0.628646 0.443056 0.0229167 0.10463
0 0.390365 0.418981 0.0828125 0.175
0 0.0848958 0.575926 0.0802083 0.268519
0 0.536458 0.472685 0.0552083 0.325
0 0.29974 0.465741 0.183854 0.635185
0 0.578906 0.468056 0.0484375 0.236111
0 0.2 0.492593 0.213542 0.922222
0 0.634375 0.547222 0.0614583 0.133333
0 0.684896 0.472685 0.0489583 0.271296
0 0.783333 0.480556 0.08125 0.435185
