0 0.888021 0.434722 0.0104167 0.0472222
0 0.838021 0.396759 0.0229167 0.075
0 0.899479 0.423148 0.015625 0.0388889
0 0.628646 0.465278 0.0427083 0.0601852
0 0.872135 0.415278 0.0223958 0.0805556
0 0.698438 0.412037 0.028125 0.114815
0 0.776563 0.463426 0.0260417 0.147222
0 0.971615 0.325 0.0567708 0.211111
0 0.335938 0.468056 0.367708 0.930556
0 0.571354 0.507407 0.0625 0.15
0 0.752865 0.4625 0.0296875 0.191667
0 0.927865 0.667593 0.144271 0.566667
0 0.809115 0.463426 0.0442708 0.219444
0 0.684635 0.468519 0.0421875 0.185185
