0 0.983333 0.503704 0.0333333 0.207407
0 0.946875 0.452315 0.0229167 0.10463
0 0.927344 0.411574 0.0151042 0.037963
0 0.534896 0.493056 0.05625 0.173148
0 0.738281 0.335648 0.106771 0.169444
0 0.666146 0.507407 0.0354167 0.111111
0 0.861458 0.425463 0.0166667 0.037963
0 0.939583 0.850926 0.119792 0.290741
0 0.9625 0.37963 0.075 0.259259
0 0.883073 0.416667 0.0286458 0.0574074
0 0.732292 0.481019 0.133333 0.456481
0 0.422135 0.476852 0.113021 0.381481
0 0.817448 0.476852 0.0588542 0.388889
0 0.192969 0.465741 0.0859375 0.422222
0 0.0708333 0.575926 0.103125 0.27963
0 0.620833 0.473611 0.0864583 0.432407
