0 0.0145833 0.766204 0.0291667 0.447222
0 0.995052 0.516204 0.00989583 0.102778
0 0.682552 0.464352 0.0192708 0.0472222
0 0.689583 0.475926 0.0291667 0.0722222
0 0.0101562 0.643056 0.0203125 0.193519
0 0.13151 0.610648 0.0421875 0.134259
0 0.671875 0.526389 0.0635417 0.110185
0 0.95625 0.464815 0.0854167 0.92963
0 0.919271 0.397685 0.0333333 0.087963
0 0.0901042 0.567593 0.0708333 0.268519
0 0.357031 0.502778 0.0848958 0.207407
0 0.727604 0.460185 0.05625 0.262963
0 0.822917 0.462963 0.0666667 0.498148
0 0.591146 0.469444 0.167708 0.692593
