0 0.976823 0.6 0.0463542 0.362963
0 0.802865 0.461574 0.0182292 0.0694444
0 0.702083 0.330556 0.0239583 0.0555556
0 0.738281 0.334259 0.102604 0.174074
0 0.926302 0.42037 0.0234375 0.0537037
0 0.946875 0.451389 0.0229167 0.106481
0 0.939323 0.863426 0.120312 0.265741
0 0.828385 0.476852 0.0255208 0.168519
0 0.665625 0.493981 0.03125 0.0861111
0 0.736458 0.47963 0.122917 0.461111
0 0.0794271 0.581019 0.0817708 0.260185
0 0.627604 0.390741 0.0729167 0.305556
0 0.548437 0.488426 0.119792 0.923148
0 0.179427 0.465741 0.150521 0.416667
