0 0.979688 0.258796 0.040625 0.510185
0 0.853385 0.401852 0.0213542 0.118519
0 0.898177 0.425926 0.0182292 0.0537037
0 0.984635 0.922222 0.0307292 0.151852
0 0.627083 0.475926 0.0395833 0.125926
0 0.0111979 0.708333 0.0213542 0.240741
0 0.882812 0.41713 0.01875 0.0712963
0 0.96276 0.356944 0.0598958 0.280556
0 0.690885 0.487037 0.0401042 0.0925926
0 0.570833 0.489815 0.0510417 0.164815
0 0.818229 0.464352 0.0677083 0.515741
0 0.357031 0.497222 0.0859375 0.209259
0 0.10599 0.577778 0.0984375 0.259259
0 0.713021 0.730556 0.330208 0.525926
