0 0.695833 0.485648 0.031250 0.089815
0 0.867708 0.410185 0.016667 0.087037
0 0.899479 0.417593 0.016667 0.042593
0 0.010156 0.644444 0.019271 0.188889
0 0.991406 0.362500 0.017188 0.060185
0 0.916146 0.411111 0.026042 0.062963
0 0.728385 0.461111 0.017188 0.177778
0 0.884635 0.418519 0.020313 0.077778
0 0.847135 0.471759 0.046354 0.280556
0 0.559115 0.490741 0.055729 0.170370
0 0.125000 0.379167 0.047917 0.219444
0 0.344531 0.479630 0.053646 0.238889
0 0.930469 0.657407 0.139063 0.535185
0 0.746354 0.457870 0.039583 0.210185
0 0.667969 0.450000 0.036979 0.211111
0 0.096354 0.566667 0.081250 0.275926
0 0.792448 0.469444 0.047396 0.231481
0 0.261719 0.455093 0.180729 0.745370
0 0.604688 0.490278 0.035417 0.093519
0 0.705729 0.437500 0.023958 0.039815
