0 0.929427 0.418981 0.018229 0.058333
0 0.880729 0.431019 0.015625 0.023148
0 0.903385 0.581019 0.089063 0.097222
0 0.614844 0.526389 0.023438 0.076852
0 0.600000 0.470370 0.027083 0.064815
0 0.865625 0.427778 0.020833 0.081481
0 0.514583 0.537500 0.056250 0.162037
0 0.670312 0.343981 0.052083 0.126852
0 0.839323 0.475926 0.045312 0.281481
0 0.447917 0.500000 0.168750 0.998148
0 0.557813 0.526389 0.060417 0.132407
0 0.951562 0.419907 0.079167 0.375000
0 0.751042 0.475463 0.117708 0.506481
0 0.090625 0.576389 0.078125 0.263889
0 0.036458 0.494444 0.071875 0.705556
