0 0.965104 0.349074 0.065625 0.227778
0 0.684115 0.475463 0.0203125 0.0694444
0 0.877604 0.40463 0.0135417 0.0388889
0 0.938021 0.398611 0.117708 0.339815
0 0.701823 0.447685 0.0286458 0.187963
0 0.857552 0.419907 0.0296875 0.0935185
0 0.760417 0.46713 0.0291667 0.208333
0 0.564583 0.461574 0.0489583 0.228704
0 0.10599 0.583796 0.0880208 0.256481
0 0.345573 0.463426 0.0682292 0.199074
0 0.649479 0.461574 0.0708333 0.375
0 0.807031 0.476389 0.0765625 0.456481
0 0.195052 0.609259 0.129688 0.281481
