0 0.611719 0.427315 0.0171875 0.0824074
0 0.608333 0.506944 0.0427083 0.0972222
0 0.701302 0.452315 0.0307292 0.199074
0 0.98125 0.295833 0.0354167 0.0990741
0 0.965885 0.4375 0.0682292 0.325
0 0.67474 0.496759 0.0223958 0.10463
0 0.339063 0.426852 0.0583333 0.127778
0 0.888021 0.422222 0.0260417 0.0759259
0 0.658854 0.456944 0.0270833 0.189815
0 0.564844 0.462963 0.0526042 0.242593
0 0.104687 0.572685 0.096875 0.275
0 0.444271 0.4 0.190625 0.551852
0 0.816146 0.459259 0.11875 0.557407
0 0.225781 0.579167 0.116146 0.308333
