0 0.890885 0.394444 0.0192708 0.037037
0 0.946615 0.479167 0.104687 0.176852
0 0.797135 0.437963 0.0182292 0.05
0 0.782552 0.483796 0.0182292 0.0657407
0 0.779688 0.440278 0.0166667 0.0731481
0 0.0101562 0.650463 0.0203125 0.184259
0 0.840625 0.440741 0.0333333 0.107407
0 0.690365 0.483333 0.0296875 0.0888889
0 0.552083 0.443056 0.03125 0.0953704
0 0.922917 0.399537 0.0229167 0.0564815
0 0.763802 0.456944 0.0203125 0.132407
0 0.547135 0.540741 0.0473958 0.144444
0 0.357292 0.502778 0.0864583 0.2
0 0.0960938 0.569444 0.0880208 0.277778
