0 0.671875 0.45787 0.0166667 0.0564815
0 0.984115 0.506944 0.0317708 0.189815
0 0.652604 0.498148 0.0229167 0.0851852
0 0.940365 0.851852 0.118229 0.288889
0 0.586458 0.51713 0.0447917 0.10463
0 0.936198 0.380093 0.0494792 0.24537
0 0.554688 0.498148 0.0958333 0.177778
0 0.66875 0.493056 0.0260417 0.0861111
0 0.639323 0.526852 0.0473958 0.0925926
0 0.883333 0.40787 0.028125 0.0712963
0 0.73099 0.476389 0.130729 0.460185
0 0.805469 0.480093 0.0578125 0.400926
0 0.0815104 0.578704 0.0880208 0.274074
