0 0.852604 0.42963 0.0177083 0.0685185
0 0.133854 0.414815 0.00833333 0.0259259
0 0.704687 0.44213 0.0145833 0.0731481
0 0.901823 0.444444 0.0265625 0.0648148
0 0.863542 0.462037 0.0239583 0.0777778
0 0.834375 0.508333 0.0291667 0.211111
0 0.95 0.369907 0.1 0.297222
0 0.970833 0.837037 0.0583333 0.314815
0 0.716406 0.469907 0.0317708 0.125
0 0.709896 0.557407 0.0489583 0.12037
0 0.883333 0.452315 0.025 0.0805556
0 0.579427 0.534259 0.0473958 0.174074
0 0.682031 0.570833 0.0473958 0.126852
0 0.676823 0.466204 0.0317708 0.136111
0 0.10625 0.390278 0.166667 0.765741
0 0.782812 0.499537 0.10625 0.610185
0 0.360417 0.49537 0.189583 0.97963
