0 0.726562 0.435185 0.025 0.0518519
0 0.882552 0.581944 0.0713542 0.106481
0 0.635938 0.556019 0.0583333 0.115741
0 0.572396 0.466204 0.028125 0.234259
0 0.18125 0.536574 0.0833333 0.300926
0 0.796875 0.409259 0.0489583 0.162963
0 0.658854 0.49537 0.0354167 0.087037
0 0.671615 0.493981 0.0286458 0.0861111
0 0.954948 0.404167 0.0765625 0.40463
0 0.81901 0.556944 0.0921875 0.208333
0 0.389844 0.423148 0.0848958 0.177778
0 0.53724 0.471296 0.0515625 0.322222
0 0.0895833 0.572685 0.090625 0.263889
0 0.284115 0.464352 0.213021 0.636111
0 0.607292 0.474074 0.0614583 0.311111
