0 0.984635 0.871296 0.029687 0.248148
0 0.772135 0.456944 0.019271 0.060185
0 0.573438 0.482870 0.034375 0.113889
0 0.439844 0.548611 0.053646 0.178704
0 0.489583 0.570370 0.047917 0.122222
0 0.541667 0.587037 0.051042 0.125926
0 0.750000 0.463426 0.034375 0.084259
0 0.540625 0.481019 0.034375 0.145370
0 0.819010 0.443056 0.038021 0.075000
0 0.702604 0.449074 0.058333 0.161111
0 0.218229 0.532870 0.064583 0.206481
0 0.865365 0.380093 0.078646 0.208333
0 0.609896 0.434722 0.056250 0.141667
0 0.886979 0.687963 0.226042 0.609259
0 0.626823 0.713889 0.210938 0.529630
0 0.015625 0.654630 0.030208 0.146296
