0 0.76901 0.464815 0.0171875 0.105556
0 0.665885 0.455093 0.0223958 0.0453704
0 0.896615 0.353704 0.0369792 0.183333
0 0.81276 0.420833 0.0234375 0.108333
0 0.709896 0.459259 0.0239583 0.0574074
0 0.659115 0.498611 0.0421875 0.075
0 0.580729 0.514352 0.0458333 0.10463
0 0.546875 0.497222 0.0802083 0.157407
0 0.938802 0.844444 0.121354 0.3
0 0.792448 0.469444 0.0296875 0.148148
0 0.0744792 0.577315 0.0854167 0.273148
0 0.755208 0.471759 0.0385417 0.123148
0 0.948177 0.456019 0.103646 0.678704
0 0.35625 0.475926 0.110417 0.414815
