0 0.66849 0.47037 0.0265625 0.0592593
0 0.906771 0.346759 0.0260417 0.228704
0 0.736458 0.330093 0.0927083 0.158333
0 0.889844 0.431019 0.0119792 0.0287037
0 0.580729 0.505556 0.0458333 0.127778
0 0.783854 0.478241 0.015625 0.0935185
0 0.802083 0.461111 0.0145833 0.0703704
0 0.8125 0.419444 0.0229167 0.105556
0 0.553906 0.499537 0.0932292 0.158333
0 0.840885 0.421296 0.0276042 0.0611111
0 0.86901 0.421296 0.0192708 0.0462963
0 0.663542 0.493519 0.0364583 0.0833333
0 0.941667 0.849074 0.115625 0.290741
0 0.0742188 0.574074 0.0890625 0.27037
0 0.950521 0.453704 0.0989583 0.690741
0 0.727604 0.476852 0.130208 0.461111
