0 0.861198 0.421296 0.0265625 0.0666667
0 0.660677 0.494907 0.0286458 0.087963
0 0.866406 0.58287 0.0692708 0.112037
0 0.676042 0.457407 0.0197917 0.0685185
0 0.609115 0.434259 0.0286458 0.157407
0 0.671875 0.492593 0.0302083 0.0814815
0 0.911719 0.421759 0.152604 0.386111
0 0.340104 0.346296 0.0614583 0.140741
0 0.734635 0.462037 0.0286458 0.148148
0 0.633854 0.439815 0.034375 0.17037
0 0.201042 0.496296 0.122917 0.492593
0 0.0885417 0.576389 0.0885417 0.262037
0 0.632031 0.550926 0.0661458 0.125926
0 0.493229 0.462037 0.25 0.914815
0 0.800521 0.491204 0.103125 0.45463
