0 0.511458 0.514352 0.06875 0.197222
0 0.724219 0.564815 0.0432292 0.185185
0 0.582552 0.519444 0.0484375 0.0944444
0 0.690885 0.434259 0.0171875 0.0388889
0 0.861458 0.415278 0.0208333 0.0527778
0 0.666667 0.496759 0.034375 0.0916667
0 0.541667 0.493519 0.0583333 0.162963
0 0.953385 0.409259 0.0692708 0.403704
0 0.524219 0.555556 0.0671875 0.137037
0 0.602083 0.502315 0.0447917 0.119444
0 0.141667 0.281481 0.202083 0.531482
0 0.948698 0.847685 0.101562 0.297222
0 0.767187 0.503241 0.0791667 0.534259
0 0.240885 0.477778 0.125521 0.462963
