0 0.833073 0.394907 0.0546875 0.228704
0 0.884115 0.577315 0.0609375 0.0916667
0 0.84349 0.488889 0.0744792 0.407407
0 0.597656 0.476389 0.0286458 0.0935185
0 0.94375 0.471759 0.111458 0.587963
0 0.620052 0.544444 0.0557292 0.138889
0 0.905208 0.423611 0.028125 0.0824074
0 0.550521 0.506481 0.04375 0.166667
0 0.723437 0.361111 0.071875 0.266667
0 0.796354 0.505556 0.166667 0.618519
0 0.0354167 0.49213 0.0708333 0.713889
0 0.51849 0.546759 0.0640625 0.160185
0 0.0888021 0.575 0.0817708 0.264815
0 0.422135 0.490278 0.102604 0.462037
