0 0.850781 0.431481 0.0140625 0.0555556
0 0.816406 0.422685 0.0244792 0.100926
0 0.589844 0.514352 0.0390625 0.110185
0 0.755208 0.474074 0.01875 0.114815
0 0.833073 0.422685 0.0307292 0.0990741
0 0.90625 0.42963 0.0229167 0.0666667
0 0.961719 0.418981 0.0723958 0.197222
0 0.553646 0.513889 0.0729167 0.162963
0 0.655208 0.475463 0.0520833 0.199074
0 0.942969 0.75 0.113021 0.488889
0 0.438802 0.468981 0.0880208 0.413889
0 0.780208 0.473148 0.0510417 0.312963
0 0.0828125 0.580556 0.0822917 0.266667
