0 0.611458 0.50463 0.0489583 0.107407
0 0.634896 0.4375 0.01875 0.0861111
0 0.00911458 0.660648 0.0182292 0.162037
0 0.940885 0.383796 0.0328125 0.141667
0 0.878125 0.425 0.0385417 0.0833333
0 0.904948 0.408796 0.0244792 0.0694444
0 0.62474 0.444444 0.0348958 0.0981481
0 0.742188 0.468981 0.03125 0.206481
0 0.976823 0.297685 0.0463542 0.219444
0 0.560156 0.495833 0.0526042 0.184259
0 0.842708 0.471296 0.0416667 0.275926
0 0.791667 0.467593 0.0447917 0.205556
0 0.701563 0.465278 0.0854167 0.743519
0 0.345052 0.489815 0.0671875 0.222222
0 0.921875 0.666667 0.15625 0.52963
0 0.104427 0.572222 0.0880208 0.274074
