0 0.609635 0.496759 0.0463542 0.10463
0 0.901042 0.418056 0.0197917 0.0416667
0 0.929167 0.421759 0.0291667 0.0657407
0 0.792188 0.448148 0.0177083 0.0759259
0 0.836458 0.430556 0.0260417 0.142593
0 0.748698 0.431481 0.0244792 0.0851852
0 0.641146 0.456019 0.04375 0.162037
0 0.567969 0.489352 0.0567708 0.167593
0 0.88151 0.419444 0.0307292 0.0759259
0 0.959115 0.445833 0.0817708 0.287963
0 0.0776042 0.501852 0.0395833 0.142593
0 0.695312 0.422685 0.0666667 0.217593
0 0.69349 0.733333 0.269271 0.524074
