0 0.78776 0.415278 0.0119792 0.0324074
0 0.833333 0.388426 0.01875 0.0509259
0 0.699219 0.422685 0.00989583 0.0490741
0 0.782812 0.406019 0.0208333 0.0527778
0 0.753125 0.394444 0.034375 0.0666667
0 0.80026 0.4125 0.0171875 0.0398148
0 0.536719 0.475463 0.0182292 0.0935185
0 0.68724 0.448611 0.0203125 0.10463
0 0.588542 0.409722 0.0239583 0.0657407
0 0.921354 0.451389 0.09375 0.24537
0 0.622656 0.447685 0.0265625 0.158333
0 0.483854 0.473148 0.071875 0.174074
0 0.0757812 0.48287 0.150521 0.965741
