0 0.935677 0.380093 0.0484375 0.19537
0 0.786719 0.413426 0.0130208 0.0361111
0 0.734896 0.386574 0.0270833 0.0916667
0 0.738281 0.441667 0.0328125 0.203704
0 0.845833 0.432407 0.0239583 0.0796296
0 0.798177 0.4125 0.0140625 0.0435185
0 0.714323 0.396296 0.0348958 0.0925926
0 0.44401 0.471759 0.0453125 0.150926
0 0.0307292 0.573148 0.0614583 0.274074
0 0.529948 0.4625 0.0390625 0.247222
0 0.475521 0.523611 0.078125 0.156481
0 0.605729 0.449537 0.05 0.273148
0 0.170833 0.460185 0.071875 0.453704
