0 0.604427 0.447685 0.0182292 0.0361111
0 0.851302 0.437963 0.0130208 0.0277778
0 0.0955729 0.631481 0.0526042 0.138889
0 0.413802 0.528241 0.198437 0.358333
0 0.611198 0.4625 0.0307292 0.0657407
0 0.864583 0.438889 0.0166667 0.037037
0 0.654688 0.50463 0.025 0.101852
0 0.546615 0.510648 0.0484375 0.162037
0 0.899479 0.494444 0.198958 0.985185
0 0.0765625 0.574074 0.075 0.268519
0 0.6125 0.537037 0.0697917 0.164815
0 0.778385 0.477778 0.0734375 0.3
0 0.45625 0.470833 0.1 0.447222
0 0.692448 0.471759 0.0671875 0.312037
