0 0.56901 0.362963 0.0567708 0.116667
0 0.0716146 0.635185 0.0296875 0.159259
0 0.492448 0.435185 0.0526042 0.2
0 0.584115 0.464352 0.0901042 0.312037
0 0.896354 0.420833 0.028125 0.0564815
0 0.147656 0.623611 0.0994792 0.260185
0 0.951823 0.424074 0.0744792 0.374074
0 0.819271 0.586574 0.0979167 0.149074
0 0.86849 0.426852 0.0213542 0.0814815
0 0.801823 0.418056 0.0463542 0.191667
0 0.0872396 0.584259 0.0994792 0.257407
0 0.29401 0.468981 0.192188 0.617593
0 0.683073 0.486574 0.180729 0.876852
