0 0.786198 0.48287 0.0223958 0.0509259
0 0.797917 0.437963 0.0177083 0.0444444
0 0.833333 0.443981 0.0125 0.0583333
0 0.813542 0.441204 0.0125 0.0453704
0 0.822656 0.440741 0.0130208 0.05
0 0.341146 0.400463 0.046875 0.0657407
0 0.851823 0.425926 0.0255208 0.0833333
0 0.897396 0.4125 0.015625 0.0509259
0 0.444531 0.498148 0.284896 0.994444
0 0.972917 0.415278 0.053125 0.362037
0 0.698438 0.459722 0.034375 0.206481
0 0.91849 0.405556 0.0286458 0.062963
0 0.877604 0.421296 0.0364583 0.0759259
0 0.209115 0.478241 0.214062 0.810185
0 0.614062 0.468056 0.0947917 0.443519
