0 0.726562 0.543981 0.0177083 0.0601852
0 0.557031 0.59537 0.0348958 0.287037
0 0.482552 0.594907 0.0317708 0.0675926
0 0.428385 0.615741 0.0463542 0.137037
0 0.504687 0.559259 0.0375 0.109259
0 0.748698 0.540741 0.0380208 0.0740741
0 0.919531 0.865741 0.160938 0.259259
0 0.852344 0.513426 0.0911458 0.389815
0 0.19974 0.627778 0.0609375 0.238889
0 0.580469 0.593518 0.0630208 0.335185
0 0.450521 0.821296 0.328125 0.348148
0 0.666146 0.60463 0.122917 0.609259
0 0.0888021 0.496759 0.177604 0.986111
