0 0.961979 0.383333 0.0145833 0.0277778
0 0.607552 0.508333 0.0421875 0.116667
0 0.773958 0.449537 0.028125 0.110185
0 0.926562 0.414352 0.0239583 0.0638889
0 0.889583 0.42037 0.0177083 0.0759259
0 0.876562 0.415278 0.0197917 0.0898148
0 0.926042 0.658333 0.147917 0.546296
0 0.738802 0.481019 0.0755208 0.315741
0 0.846354 0.469907 0.04375 0.287963
0 0.659115 0.42963 0.0390625 0.112963
0 0.096875 0.565278 0.0822917 0.273148
0 0.332031 0.484259 0.0630208 0.22963
0 0.565885 0.455556 0.0609375 0.35
