0 0.702083 0.423148 0.009375 0.05
0 0.788802 0.415278 0.00989583 0.0324074
0 0.665104 0.436111 0.0166667 0.0722222
0 0.691406 0.439815 0.0140625 0.0833333
0 0.770312 0.384722 0.0260417 0.0694444
0 0.799479 0.412963 0.0125 0.0388889
0 0.684115 0.45 0.0203125 0.109259
0 0.709375 0.396759 0.0229167 0.100926
0 0.826563 0.390278 0.0229167 0.0527778
0 0.538281 0.477778 0.0213542 0.0907407
0 0.594792 0.410185 0.0354167 0.0685185
0 0.739844 0.44213 0.0244792 0.163889
0 0.898438 0.432407 0.08125 0.283333
0 0.455729 0.50787 0.0572917 0.128704
