0 0.971615 0.618056 0.0557292 0.106481
0 0.851562 0.430556 0.0208333 0.037037
0 0.76875 0.471759 0.0197917 0.0972222
0 0.778906 0.399074 0.0213542 0.0981481
0 0.917969 0.377315 0.0401042 0.169444
0 0.429688 0.353704 0.0677083 0.17037
0 0.963021 0.457407 0.06875 0.287037
0 0.886979 0.421296 0.0260417 0.0648148
0 0.595573 0.484259 0.159896 0.911111
0 0.807552 0.481019 0.0463542 0.328704
0 0.91849 0.814352 0.161979 0.362037
0 0.0828125 0.575 0.0822917 0.275926
0 0.726302 0.480556 0.0619792 0.303704
