0 0.709896 0.380556 0.0135417 0.0314815
0 0.889063 0.39537 0.0125 0.0425926
0 0.885417 0.412963 0.03125 0.0759259
0 0.859375 0.389815 0.028125 0.0611111
0 0.870573 0.406944 0.0494792 0.0935185
0 0.702604 0.4625 0.0270833 0.186111
0 0.625 0.511574 0.0510417 0.136111
0 0.565365 0.49213 0.0536458 0.176852
0 0.671354 0.431481 0.0375 0.164815
0 0.95651 0.813426 0.0869792 0.360185
0 0.95651 0.397685 0.0869792 0.313889
0 0.671094 0.522685 0.0484375 0.143519
0 0.802083 0.457407 0.096875 0.394444
0 0.736719 0.457407 0.0713542 0.259259
0 0.28099 0.490741 0.555729 0.977778
