0 0.965625 0.721296 0.06875 0.337037
0 0.792969 0.481944 0.0182292 0.087963
0 0.682292 0.464815 0.0302083 0.190741
0 0.660156 0.499074 0.0265625 0.0944444
0 0.763542 0.473611 0.0229167 0.119444
0 0.939323 0.775463 0.120312 0.439815
0 0.54974 0.527778 0.0432292 0.135185
0 0.804688 0.469907 0.0229167 0.139815
0 0.907292 0.429167 0.01875 0.0675926
0 0.890885 0.423611 0.0244792 0.0675926
0 0.588802 0.515741 0.0421875 0.112963
0 0.959896 0.46713 0.075 0.299074
0 0.727865 0.468519 0.0796875 0.292593
0 0.850781 0.399537 0.0619792 0.139815
0 0.0825521 0.57963 0.0828125 0.266667
0 0.46276 0.498148 0.231771 0.992593
