0 0.987760 0.375463 0.024479 0.137963
0 0.704688 0.451389 0.019792 0.069444
0 0.888281 0.416204 0.020313 0.078704
0 0.860156 0.449074 0.041146 0.246296
0 0.730208 0.500000 0.042708 0.087037
0 0.629167 0.434722 0.025000 0.086111
0 0.235417 0.494444 0.468750 0.985185
0 0.925521 0.658796 0.147917 0.528704
0 0.816667 0.467593 0.052083 0.322222
0 0.656771 0.423611 0.032292 0.119444
0 0.665885 0.508796 0.078646 0.141667
0 0.777344 0.470370 0.036979 0.224074
0 0.567969 0.497685 0.159896 0.989815
0 0.070573 0.345833 0.084896 0.489815
