0 0.724479 0.405093 0.0145833 0.0731481
0 0.746615 0.402778 0.0223958 0.0574074
0 0.773698 0.391667 0.0328125 0.0777778
0 0.714323 0.396296 0.0307292 0.0944444
0 0.698438 0.422685 0.015625 0.0527778
0 0.739062 0.399074 0.0229167 0.0722222
0 0.830469 0.390741 0.0223958 0.05
0 0.685677 0.447222 0.0213542 0.103704
0 0.594531 0.408333 0.0265625 0.0648148
0 0.799219 0.412963 0.0130208 0.0388889
0 0.536979 0.477315 0.0208333 0.0916667
0 0.44974 0.514352 0.0557292 0.134259
0 0.924479 0.448611 0.10625 0.252778
