0 0.942708 0.428241 0.0166667 0.075
0 0.858073 0.415741 0.0234375 0.0592593
0 0.853906 0.497222 0.0473958 0.222222
0 0.130469 0.639352 0.0432292 0.108333
0 0.679167 0.574074 0.053125 0.12037
0 0.711198 0.557407 0.0494792 0.12037
0 0.949479 0.821296 0.1 0.346296
0 0.970833 0.384259 0.0583333 0.27963
0 0.899479 0.441204 0.0302083 0.100926
0 0.71276 0.465741 0.0307292 0.118519
0 0.750781 0.503241 0.0494792 0.341667
0 0.678646 0.468056 0.0302083 0.158333
0 0.357292 0.52963 0.0604167 0.242593
0 0.0877604 0.602315 0.0734375 0.29537
0 0.810156 0.500926 0.0953125 0.622222
0 0.491406 0.510185 0.192188 0.738889
