0 0.791146 0.464815 0.0166667 0.116667
0 0.772656 0.471759 0.0151042 0.108333
0 0.680469 0.446759 0.0223958 0.075
0 0.785677 0.473148 0.0171875 0.101852
0 0.98151 0.471759 0.0369792 0.275
0 0.734375 0.474074 0.0322917 0.153704
0 0.598958 0.484259 0.0354167 0.12037
0 0.764583 0.469907 0.0177083 0.113889
0 0.802083 0.472685 0.0177083 0.0990741
0 0.941927 0.808796 0.115104 0.369444
0 0.665104 0.498611 0.0364583 0.0953704
0 0.875521 0.418981 0.0270833 0.0583333
0 0.53776 0.481481 0.0453125 0.237037
0 0.90625 0.429167 0.025 0.0657407
0 0.0828125 0.575926 0.0833333 0.277778
0 0.347656 0.487037 0.222396 0.927778
