0 0.807552 0.47037 0.0838542 0.405556
0 0.980729 0.285648 0.0333333 0.0805556
0 0.810677 0.470833 0.0473958 0.310185
0 0.636458 0.443519 0.0364583 0.0944444
0 0.120312 0.561574 0.0604167 0.252778
0 0.967969 0.426852 0.0640625 0.344444
0 0.867188 0.374537 0.0541667 0.176852
0 0.691406 0.471759 0.0682292 0.286111
0 0.340885 0.487963 0.0630208 0.22963
0 0.799219 0.468056 0.161979 0.613889
0 0.549219 0.43287 0.146354 0.482407
0 0.253125 0.462963 0.139583 0.757407
0 0.0838542 0.450463 0.166667 0.886111
