0 0.632552 0.439815 0.0255208 0.0759259
0 0.801823 0.448148 0.0276042 0.0814815
0 0.64974 0.37037 0.0348958 0.127778
0 0.848698 0.415741 0.0286458 0.101852
0 0.623958 0.392593 0.0385417 0.109259
0 0.870052 0.41713 0.0234375 0.062037
0 0.159635 0.63287 0.142188 0.236111
0 0.948958 0.400926 0.0947917 0.37963
0 0.548958 0.443519 0.0427083 0.2
0 0.498958 0.55 0.0614583 0.137037
0 0.666406 0.479167 0.0598958 0.349074
0 0.0888021 0.5875 0.0890625 0.256481
0 0.316927 0.501852 0.0703125 0.209259
0 0.774219 0.483796 0.171354 0.571296
