0 0.96849 0.726852 0.0619792 0.390741
0 0.838021 0.426389 0.0229167 0.136111
0 0.897396 0.41713 0.015625 0.0416667
0 0.903646 0.416204 0.0166667 0.0398148
0 0.949219 0.472685 0.101562 0.94537
0 0.798698 0.453241 0.0223958 0.10463
0 0.820312 0.444444 0.0270833 0.118519
0 0.74974 0.428704 0.0244792 0.0851852
0 0.571615 0.481481 0.0473958 0.166667
0 0.632552 0.453241 0.0338542 0.0805556
0 0.885938 0.42037 0.0229167 0.0777778
0 0.24974 0.227315 0.183854 0.452778
0 0.0802083 0.500926 0.0427083 0.140741
0 0.447396 0.453704 0.184375 0.592593
0 0.710938 0.462037 0.0541667 0.242593
0 0.667969 0.460648 0.0536458 0.280556
0 0.692187 0.734259 0.258333 0.522222
