0 0.88724 0.419907 0.0192708 0.0731481
0 0.00989583 0.644907 0.0197917 0.189815
0 0.904688 0.411111 0.028125 0.0703704
0 0.809115 0.463426 0.0244792 0.149074
0 0.873438 0.4125 0.0229167 0.0898148
0 0.561979 0.494444 0.0552083 0.175926
0 0.759896 0.45463 0.0489583 0.238889
0 0.844531 0.468056 0.0432292 0.273148
0 0.917448 0.661574 0.165104 0.543519
0 0.101302 0.574074 0.101562 0.264815
0 0.346354 0.483796 0.065625 0.236111
0 0.954167 0.339815 0.0916667 0.211111
0 0.667708 0.465741 0.122917 0.596296
