0 0.784115 0.473611 0.0161458 0.102778
0 0.685938 0.466204 0.0354167 0.100926
0 0.967969 0.473148 0.0640625 0.27963
0 0.602083 0.4875 0.04375 0.130556
0 0.665365 0.496296 0.0348958 0.0925926
0 0.764323 0.469444 0.0151042 0.112963
0 0.845573 0.420833 0.0317708 0.0675926
0 0.5375 0.480093 0.0479167 0.230556
0 0.715104 0.469907 0.0333333 0.126852
0 0.801562 0.472222 0.01875 0.101852
0 0.904167 0.430556 0.025 0.062963
0 0.254687 0.471296 0.06875 0.472222
0 0.0791667 0.576389 0.0770833 0.278704
0 0.947135 0.753704 0.105729 0.474074
