0 0.689323 0.578704 0.036979 0.187037
0 0.011198 0.729630 0.021354 0.151852
0 0.710677 0.545370 0.018229 0.044444
0 0.601302 0.573611 0.022396 0.200926
0 0.414062 0.635648 0.057292 0.187963
0 0.480208 0.592130 0.030208 0.065741
0 0.753906 0.553704 0.016146 0.055556
0 0.738542 0.541204 0.018750 0.073148
0 0.776563 0.519907 0.028125 0.125000
0 0.852604 0.513426 0.089583 0.404630
0 0.919010 0.844907 0.161979 0.299074
0 0.197917 0.629167 0.064583 0.243519
0 0.525781 0.586111 0.078646 0.296296
0 0.454688 0.822685 0.319792 0.345370
0 0.664844 0.609259 0.122396 0.600000
