0 0.845833 0.420833 0.0395833 0.112037
0 0.924219 0.415278 0.0151042 0.0398148
0 0.884896 0.421759 0.0104167 0.0416667
0 0.845573 0.481944 0.0421875 0.230556
0 0.672135 0.345833 0.0421875 0.150926
0 0.870573 0.415741 0.0192708 0.0555556
0 0.948698 0.417593 0.0859375 0.37037
0 0.0247396 0.534722 0.0494792 0.558333
0 0.898177 0.419907 0.0223958 0.0712963
0 0.746354 0.475926 0.115625 0.507407
0 0.542969 0.502315 0.0609375 0.191667
0 0.577604 0.459259 0.05625 0.209259
0 0.432552 0.47037 0.125521 0.416667
0 0.0877604 0.576389 0.0911458 0.258333
