0 0.897656 0.424537 0.016146 0.043519
0 0.960938 0.540741 0.077083 0.633333
0 0.945312 0.564352 0.064583 0.084259
0 0.977344 0.658333 0.045312 0.401852
0 0.072396 0.523611 0.143750 0.860185
0 0.631250 0.459722 0.030208 0.073148
0 0.885156 0.419444 0.024479 0.077778
0 0.959375 0.364815 0.080208 0.266667
0 0.576302 0.493981 0.055729 0.152778
0 0.773698 0.438426 0.064062 0.380556
0 0.099479 0.507870 0.078125 0.156481
0 0.356771 0.503241 0.085417 0.204630
0 0.829948 0.466204 0.089063 0.499074
0 0.704948 0.698611 0.266146 0.587963
