0 0.840104 0.411111 0.025 0.103704
0 0.00572917 0.624537 0.0114583 0.136111
0 0.98125 0.553241 0.0375 0.465741
0 0.688281 0.485185 0.0182292 0.087037
0 0.903906 0.421759 0.0151042 0.0287037
0 0.669531 0.490278 0.0328125 0.0953704
0 0.826042 0.459722 0.015625 0.0990741
0 0.629427 0.475926 0.0453125 0.122222
0 0.770312 0.456481 0.05 0.177778
0 0.886198 0.418056 0.0234375 0.0824074
0 0.0783854 0.501389 0.0401042 0.141667
0 0.859635 0.423148 0.0223958 0.0833333
0 0.571354 0.508796 0.05 0.141667
0 0.676823 0.725463 0.242188 0.537963
