0 0.945833 0.573148 0.06875 0.1
0 0.616146 0.489815 0.0291667 0.0814815
0 0.98151 0.407407 0.0369792 0.387037
0 0.575521 0.521296 0.0635417 0.12037
0 0.73776 0.476852 0.0265625 0.137037
0 0.967708 0.318981 0.0333333 0.143519
0 0.888542 0.412037 0.021875 0.0888889
0 0.960156 0.361111 0.0734375 0.25
0 0.630208 0.536574 0.0541667 0.113889
0 0.832292 0.450926 0.025 0.105556
0 0.863542 0.413426 0.0354167 0.100926
0 0.532812 0.50463 0.107292 0.15
0 0.46224 0.477315 0.0598958 0.367593
0 0.358854 0.485648 0.0739583 0.232407
0 0.785937 0.460648 0.071875 0.265741
0 0.11224 0.572222 0.118229 0.272222
0 0.686458 0.464815 0.0791667 0.337037
0 0.241667 0.564815 0.0989583 0.224074
