0 0.689583 0.477778 0.0239583 0.0740741
0 0.601823 0.506019 0.0328125 0.10463
0 0.80026 0.4625 0.0223958 0.169444
0 0.0885417 0.460648 0.0802083 0.815741
0 0.7375 0.457407 0.0583333 0.183333
0 0.963021 0.414815 0.0729167 0.388889
0 0.566406 0.461574 0.0546875 0.243519
0 0.679948 0.522685 0.0473958 0.130556
0 0.667969 0.434259 0.0338542 0.157407
0 0.350521 0.483796 0.0708333 0.247222
0 0.636198 0.53287 0.0588542 0.119444
0 0.830729 0.456019 0.053125 0.471296
0 0.453906 0.473148 0.0630208 0.368519
0 0.197656 0.606019 0.126563 0.287963
