0 0.795833 0.457407 0.0135417 0.0555556
0 0.0239583 0.611574 0.0479167 0.197222
0 0.542708 0.587963 0.0510417 0.125926
0 0.72526 0.450463 0.0442708 0.126852
0 0.555469 0.469907 0.0369792 0.126852
0 0.866667 0.414815 0.0802083 0.285185
0 0.215885 0.536574 0.0598958 0.221296
0 0.592708 0.501389 0.0583333 0.473148
0 0.760156 0.393056 0.0692708 0.236111
0 0.140104 0.653241 0.0875 0.300926
0 0.0713542 0.52963 0.116667 0.8
0 0.914062 0.68287 0.170833 0.623148
0 0.491927 0.516204 0.0661458 0.343519
0 0.654427 0.516204 0.105729 0.510185
