0 0.673437 0.459722 0.0197917 0.0768519
0 0.923958 0.418056 0.01875 0.0546296
0 0.571094 0.540278 0.0609375 0.137963
0 0.594271 0.493981 0.0260417 0.062037
0 0.883073 0.473611 0.0390625 0.212037
0 0.883333 0.405093 0.028125 0.075
0 0.734635 0.341667 0.104687 0.168519
0 0.941667 0.868056 0.115625 0.256481
0 0.703125 0.330556 0.0239583 0.0592593
0 0.946875 0.452315 0.0229167 0.10463
0 0.582552 0.515741 0.0453125 0.1
0 0.663281 0.493056 0.0369792 0.0861111
0 0.0815104 0.584722 0.0859375 0.258333
0 0.73151 0.48287 0.133854 0.447222
0 0.473958 0.474537 0.15625 0.821296
0 0.832812 0.462963 0.08125 0.437037
0 0.179167 0.466204 0.147917 0.417593
0 0.336719 0.484722 0.133854 0.621296
