0 0.721354 0.371296 0.0416667 0.0777778
0 0.784115 0.479167 0.0161458 0.0898148
0 0.740625 0.327778 0.090625 0.162963
0 0.91875 0.334722 0.0333333 0.143519
0 0.649479 0.528241 0.0354167 0.0972222
0 0.943229 0.840278 0.1125 0.310185
0 0.805208 0.460648 0.0177083 0.0712963
0 0.656771 0.491204 0.0239583 0.0731481
0 0.83099 0.441204 0.0119792 0.0305556
0 0.958854 0.388426 0.0822917 0.44537
0 0.538542 0.498148 0.05625 0.175926
0 0.678125 0.468981 0.0322917 0.191667
0 0.410937 0.426852 0.0802083 0.114815
0 0.732552 0.477778 0.130729 0.464815
0 0.0820312 0.582407 0.0859375 0.268519
0 0.59401 0.466204 0.0828125 0.402778
