0 0.853385 0.424074 0.0307292 0.0814815
0 0.767187 0.372222 0.0125 0.0277778
0 0.766927 0.470833 0.0567708 0.293519
0 0.616146 0.5125 0.046875 0.132407
0 0.773958 0.39213 0.05 0.134259
0 0.885417 0.421759 0.0260417 0.0712963
0 0.696615 0.434722 0.0307292 0.141667
0 0.972135 0.405093 0.0557292 0.389815
0 0.344271 0.482407 0.0645833 0.240741
0 0.580208 0.506944 0.0708333 0.150926
0 0.819792 0.455093 0.0604167 0.499074
0 0.745833 0.461111 0.0364583 0.224074
0 0.108073 0.580556 0.0973958 0.253704
0 0.651302 0.469907 0.0526042 0.247222
0 0.197135 0.606019 0.129688 0.284259
