0 0.696354 0.368056 0.0354167 0.150926
0 0.852865 0.511111 0.0859375 0.353704
0 0.0958333 0.57963 0.0645833 0.266667
0 0.55026 0.50463 0.0463542 0.162963
0 0.905469 0.424074 0.0255208 0.0796296
0 0.0684896 0.311574 0.0692708 0.232407
0 0.619271 0.542593 0.0552083 0.140741
0 0.604688 0.478241 0.0385417 0.0953704
0 0.826302 0.539815 0.155729 0.568519
0 0.955729 0.413889 0.0854167 0.375926
0 0.742708 0.370833 0.0875 0.262037
0 0.51901 0.543981 0.0671875 0.162037
0 0.0411458 0.487037 0.0822917 0.733333
