0 0.889323 0.42037 0.0130208 0.0740741
0 0.725521 0.435648 0.0489583 0.186111
0 0.991146 0.362037 0.0177083 0.0574074
0 0.00989583 0.647685 0.0197917 0.180556
0 0.91875 0.410185 0.0260417 0.062963
0 0.877344 0.416204 0.0203125 0.0916667
0 0.788802 0.461111 0.0286458 0.168519
0 0.847656 0.469444 0.0463542 0.283333
0 0.56224 0.491667 0.0619792 0.175926
0 0.927083 0.657407 0.145833 0.533333
0 0.807031 0.462037 0.0401042 0.222222
0 0.344792 0.491204 0.065625 0.217593
0 0.101042 0.571296 0.096875 0.27037
0 0.674479 0.426389 0.114583 0.39537
