0 0.740625 0.491667 0.0947917 0.533333
0 0.664062 0.491667 0.025 0.0796296
0 0.895833 0.403241 0.0302083 0.0972222
0 0.0557292 0.574537 0.0541667 0.267593
0 0.0950521 0.14213 0.0630208 0.258333
0 0.734635 0.348611 0.0755208 0.206481
0 0.946615 0.849537 0.106771 0.293519
0 0.953385 0.409722 0.0630208 0.378704
0 0.135677 0.491204 0.160938 0.982407
0 0.552083 0.468519 0.046875 0.237037
0 0.260156 0.349074 0.103646 0.209259
0 0.823438 0.48287 0.141667 0.780556
0 0.627865 0.479167 0.0734375 0.310185
