0 0.540365 0.497222 0.0328125 0.116667
0 0.788802 0.475 0.0130208 0.0981481
0 0.816667 0.411574 0.028125 0.0842593
0 0.671094 0.4625 0.0244792 0.0657407
0 0.58151 0.514815 0.0473958 0.103704
0 0.801042 0.462037 0.0145833 0.0777778
0 0.778125 0.470833 0.0208333 0.108333
0 0.8875 0.401852 0.0416667 0.0907407
0 0.943229 0.831019 0.1125 0.326852
0 0.666146 0.494444 0.0395833 0.0851852
0 0.929167 0.411574 0.078125 0.186111
0 0.839583 0.481944 0.0489583 0.256481
0 0.732552 0.481019 0.131771 0.462037
0 0.0789063 0.574537 0.0869792 0.267593
0 0.182812 0.470833 0.157292 0.413889
0 0.457031 0.507407 0.198437 0.972222
