0 0.053125 0.494444 0.105208 0.985185
0 0.734115 0.424537 0.0192708 0.0990741
0 0.345573 0.452315 0.0505208 0.180556
0 0.832812 0.45787 0.0322917 0.15463
0 0.844792 0.398148 0.0145833 0.0574074
0 0.514063 0.497222 0.046875 0.246296
0 0.874219 0.397222 0.0234375 0.0462963
0 0.948438 0.762963 0.103125 0.462963
0 0.965885 0.407407 0.0682292 0.366667
0 0.0854167 0.548611 0.0885417 0.24537
0 0.594792 0.462037 0.147917 0.701852
0 0.782552 0.472222 0.0734375 0.596296
0 0.246354 0.421759 0.259375 0.658333
0 0.698698 0.466204 0.0901042 0.430556
