0 0.992708 0.360185 0.0145833 0.0611111
0 0.792969 0.432407 0.0140625 0.0444444
0 0.771875 0.450463 0.0197917 0.110185
0 0.88776 0.41713 0.0192708 0.0805556
0 0.873698 0.412037 0.0192708 0.0888889
0 0.564583 0.487963 0.0604167 0.164815
0 0.914323 0.40787 0.0317708 0.0638889
0 0.343229 0.474537 0.0635417 0.184259
0 0.847135 0.47037 0.0453125 0.283333
0 0.922656 0.665278 0.153646 0.552778
0 0.466146 0.417593 0.164583 0.466667
0 0.656771 0.454167 0.114583 0.617593
0 0.0638021 0.468981 0.127604 0.693519
