0 0.804948 0.463889 0.0119792 0.0851852
0 0.871615 0.34537 0.0723958 0.242593
0 0.894531 0.268981 0.0276042 0.0953704
0 0.591146 0.5625 0.0291667 0.0601852
0 0.822396 0.422685 0.0322917 0.108333
0 0.767969 0.471759 0.0161458 0.108333
0 0.789323 0.468056 0.0338542 0.162037
0 0.695312 0.481944 0.0270833 0.184259
0 0.0708333 0.574537 0.0635417 0.267593
0 0.195312 0.479167 0.0822917 0.582407
0 0.897917 0.494444 0.203125 0.985185
0 0.528646 0.464815 0.0958333 0.411111
0 0.635417 0.52037 0.1125 0.633333
0 0.290625 0.4625 0.161458 0.913889
