0 0.914844 0.438889 0.0869792 0.37037
0 0.98125 0.510648 0.0375 0.213889
0 0.817448 0.455556 0.0130208 0.0351852
0 0.802083 0.464815 0.0125 0.0666667
0 0.734115 0.332407 0.104687 0.161111
0 0.538021 0.497222 0.0625 0.177778
0 0.908854 0.347685 0.078125 0.191667
0 0.831771 0.43287 0.0229167 0.0675926
0 0.940365 0.846296 0.118229 0.294444
0 0.786719 0.485185 0.0151042 0.0777778
0 0.730729 0.481944 0.129167 0.456481
0 0.667448 0.493981 0.0359375 0.0861111
0 0.0799479 0.575 0.0869792 0.261111
0 0.182812 0.470833 0.157292 0.413889
