0 0.776563 0.393981 0.0104167 0.0287037
0 0.782292 0.406944 0.021875 0.0509259
0 0.78776 0.415278 0.0119792 0.0342593
0 0.707812 0.427778 0.0114583 0.0518519
0 0.538281 0.465741 0.0192708 0.0722222
0 0.799479 0.413426 0.0145833 0.037963
0 0.697656 0.42037 0.0130208 0.0537037
0 0.835938 0.387037 0.0197917 0.0518519
0 0.746094 0.404167 0.0203125 0.0472222
0 0.685677 0.449074 0.0213542 0.0962963
0 0.654688 0.448148 0.034375 0.159259
0 0.879167 0.428704 0.0833333 0.294444
0 0.620833 0.447685 0.021875 0.158333
0 0.509375 0.529167 0.0677083 0.141667
