0 0.42474 0.562037 0.100521 0.188889
0 0.00807292 0.648611 0.0161458 0.178704
0 0.964323 0.931019 0.0713542 0.134259
0 0.883073 0.381944 0.0338542 0.180556
0 0.572656 0.520833 0.0296875 0.0509259
0 0.884375 0.568056 0.115625 0.463889
0 0.649479 0.518981 0.0354167 0.189815
0 0.497917 0.546296 0.0614583 0.142593
0 0.438281 0.550926 0.0453125 0.181481
0 0.60651 0.519907 0.0369792 0.165741
0 0.222396 0.527778 0.0614583 0.216667
0 0.565625 0.575926 0.0697917 0.112963
0 0.731771 0.533796 0.155208 0.69537
