0 0.91224 0.393519 0.0130208 0.0240741
0 0.926823 0.336574 0.0421875 0.24537
0 0.907552 0.412963 0.0244792 0.062963
0 0.932031 0.264352 0.0317708 0.100926
0 0.334115 0.333796 0.0776042 0.132407
0 0.655469 0.49537 0.0223958 0.0833333
0 0.764844 0.471759 0.0140625 0.106481
0 0.79974 0.47037 0.0192708 0.103704
0 0.876823 0.425 0.0182292 0.0444444
0 0.839323 0.474537 0.0369792 0.200926
0 0.720052 0.442593 0.0786458 0.296296
0 0.910937 0.506481 0.177083 0.97037
0 0.0830729 0.574074 0.0880208 0.266667
0 0.625521 0.472222 0.0520833 0.296296
0 0.557813 0.464815 0.0583333 0.324074
