0 0.983594 0.846296 0.0328125 0.294444
0 0.56224 0.580093 0.0348958 0.132407
0 0.563281 0.473148 0.0286458 0.138889
0 0.494271 0.563426 0.0510417 0.10463
0 0.791927 0.4625 0.0223958 0.0527778
0 0.598177 0.509722 0.0630208 0.287963
0 0.738021 0.491204 0.0822917 0.434259
0 0.865365 0.410648 0.0807292 0.271296
0 0.645833 0.519444 0.0489583 0.325926
0 0.532812 0.524074 0.0416667 0.344444
0 0.688281 0.518981 0.0598958 0.371296
0 0.416667 0.524537 0.071875 0.323148
0 0.20625 0.517593 0.159375 0.581481
0 0.886719 0.681481 0.225521 0.627778
