0 0.763802 0.418056 0.0317708 0.0935185
0 0.877604 0.463426 0.059375 0.343519
0 0.731771 0.45463 0.0260417 0.127778
0 0.616927 0.421759 0.0265625 0.162037
0 0.658594 0.496759 0.0359375 0.087963
0 0.674479 0.492593 0.0333333 0.0814815
0 0.832292 0.435648 0.0270833 0.0824074
0 0.376823 0.412963 0.0713542 0.172222
0 0.536719 0.502778 0.0682292 0.174074
0 0.797656 0.443981 0.0432292 0.239815
0 0.521875 0.549537 0.0729167 0.15463
0 0.814062 0.585648 0.0864583 0.150926
0 0.471354 0.465741 0.0572917 0.292593
0 0.152083 0.627315 0.0989583 0.252778
0 0.951302 0.427778 0.0776042 0.377778
0 0.60026 0.478704 0.0515625 0.298148
0 0.0875 0.575463 0.0927083 0.258333
0 0.295052 0.471759 0.191146 0.608333
