0 0.983594 0.407407 0.0328125 0.383333
0 0.885677 0.411111 0.0244792 0.0925926
0 0.967188 0.337037 0.0447917 0.190741
0 0.816406 0.453241 0.0276042 0.134259
0 0.679688 0.535185 0.0489583 0.107407
0 0.848437 0.419907 0.034375 0.0990741
0 0.689844 0.437963 0.0328125 0.137037
0 0.633594 0.533796 0.0630208 0.119444
0 0.270312 0.496759 0.5375 0.993519
0 0.933073 0.415741 0.0328125 0.062963
0 0.784896 0.463426 0.0416667 0.180556
0 0.56849 0.52963 0.0609375 0.174074
0 0.735156 0.469444 0.0348958 0.194444
