0 0.576302 0.501389 0.016146 0.062037
0 0.011719 0.629167 0.022396 0.137963
0 0.670573 0.508796 0.010937 0.065741
0 0.721354 0.508796 0.020833 0.076852
0 0.550260 0.517593 0.018229 0.042593
0 0.702083 0.512963 0.020833 0.100000
0 0.573958 0.536574 0.034375 0.078704
0 0.896094 0.492130 0.076563 0.315741
0 0.858854 0.740741 0.279167 0.509259
0 0.394010 0.738426 0.467187 0.499074
0 0.227083 0.547685 0.077083 0.243519
0 0.618490 0.509259 0.026562 0.175926
0 0.832812 0.381481 0.071875 0.185185
0 0.297396 0.518056 0.094792 0.423148
0 0.891406 0.639352 0.202604 0.528704
