0 0.0104167 0.646296 0.0208333 0.194444
0 0.0138021 0.77037 0.0276042 0.435185
0 0.861719 0.4125 0.0380208 0.10463
0 0.628646 0.464352 0.034375 0.100926
0 0.734635 0.459722 0.0223958 0.167593
0 0.576042 0.500463 0.0614583 0.156481
0 0.938021 0.484722 0.122917 0.969444
0 0.684896 0.438426 0.0447917 0.160185
0 0.755208 0.462963 0.0291667 0.166667
0 0.71276 0.463426 0.0348958 0.189815
0 0.669792 0.519907 0.0677083 0.115741
0 0.356771 0.501389 0.0854167 0.20463
0 0.0986979 0.569444 0.0869792 0.275926
0 0.81875 0.463889 0.065625 0.496296
