0 0.985156 0.415741 0.029687 0.166667
0 0.959375 0.475000 0.080208 0.288889
0 0.126823 0.406481 0.047396 0.159259
0 0.010417 0.649074 0.019792 0.179630
0 0.613542 0.501389 0.054167 0.110185
0 0.915625 0.408796 0.025000 0.058333
0 0.698177 0.487037 0.038021 0.092593
0 0.924479 0.685648 0.150000 0.458333
0 0.798698 0.462963 0.022396 0.133333
0 0.561979 0.488889 0.058333 0.166667
0 0.882812 0.416204 0.025000 0.084259
0 0.728646 0.462963 0.019792 0.175926
0 0.847917 0.468981 0.047917 0.286111
0 0.748177 0.458333 0.028646 0.207407
0 0.669271 0.450000 0.030208 0.209259
0 0.097135 0.566204 0.081771 0.273148
0 0.267708 0.500463 0.450000 0.999074
