0 0.643750 0.568981 0.033333 0.169444
0 0.709115 0.449074 0.023438 0.059259
0 0.763802 0.454167 0.024479 0.069444
0 0.666927 0.570833 0.048438 0.189815
0 0.785417 0.461574 0.028125 0.060185
0 0.743490 0.465741 0.031771 0.088889
0 0.859375 0.365278 0.076042 0.171296
0 0.133073 0.532870 0.067187 0.534259
0 0.498698 0.493981 0.024479 0.071296
0 0.215625 0.538426 0.058333 0.195370
0 0.644271 0.497222 0.230208 0.990741
0 0.880208 0.683796 0.239583 0.623148
0 0.128125 0.497222 0.255208 0.992593
0 0.494010 0.570833 0.048438 0.099074
