0 0.816667 0.40787 0.0229167 0.0638889
0 0.664323 0.491204 0.0244792 0.0805556
0 0.835156 0.420833 0.0223958 0.0768519
0 0.685677 0.405093 0.0494792 0.171296
0 0.583073 0.51713 0.0473958 0.100926
0 0.736979 0.350926 0.0833333 0.201852
0 0.531771 0.458333 0.0354167 0.0759259
0 0.604167 0.501389 0.04375 0.119444
0 0.93724 0.408333 0.101562 0.394444
0 0.527865 0.546759 0.0651042 0.158333
0 0.947656 0.849074 0.103646 0.290741
0 0.784635 0.508333 0.0723958 0.52963
0 0.0796875 0.577315 0.090625 0.276852
0 0.258594 0.484259 0.0880208 0.472222
0 0.419792 0.521759 0.166667 0.947222
