0 0.673958 0.454167 0.0145833 0.0305556
0 0.760417 0.440278 0.015625 0.10463
0 0.691406 0.482407 0.0276042 0.087037
0 0.630208 0.451852 0.0291667 0.0740741
0 0.0104167 0.652315 0.0208333 0.182407
0 0.610417 0.507407 0.0427083 0.107407
0 0.872917 0.406944 0.0416667 0.108333
0 0.748958 0.459259 0.0291667 0.162963
0 0.679948 0.523148 0.0505208 0.116667
0 0.944531 0.594444 0.110937 0.635185
0 0.707812 0.4625 0.0302083 0.189815
0 0.567448 0.489352 0.0567708 0.175
0 0.103125 0.568519 0.09375 0.275926
0 0.825 0.462037 0.0614583 0.498148
0 0.35625 0.502315 0.084375 0.202778
