0 0.677344 0.467593 0.0182292 0.087037
0 0.771354 0.47037 0.015625 0.114815
0 0.757031 0.472222 0.0182292 0.118519
0 0.731771 0.472222 0.0239583 0.133333
0 0.906771 0.428704 0.0177083 0.0666667
0 0.946094 0.7625 0.107813 0.467593
0 0.664844 0.499074 0.0328125 0.0962963
0 0.889583 0.422685 0.0291667 0.0712963
0 0.541927 0.475926 0.0588542 0.235185
0 0.959115 0.471296 0.0776042 0.305556
0 0.589323 0.516667 0.0411458 0.111111
0 0.810677 0.453241 0.0557292 0.39537
0 0.46276 0.456481 0.0848958 0.438889
0 0.0820312 0.580093 0.0817708 0.265741
