0 0.551042 0.517593 0.0375 0.0796296
0 0.483594 0.446759 0.0338542 0.182407
0 0.825 0.426852 0.01875 0.107407
0 0.95 0.426389 0.0770833 0.378704
0 0.703385 0.510648 0.0567708 0.293519
0 0.845573 0.430556 0.0203125 0.0777778
0 0.811719 0.419444 0.0578125 0.194444
0 0.509896 0.549074 0.0572917 0.155556
0 0.813281 0.581481 0.0859375 0.148148
0 0.902083 0.416667 0.028125 0.0703704
0 0.866146 0.426852 0.025 0.0833333
0 0.153385 0.62037 0.104687 0.264815
0 0.279687 0.471759 0.217708 0.626852
0 0.0895833 0.580093 0.0916667 0.250926
0 0.638542 0.489352 0.21875 0.976852
