0 0.49401 0.563426 0.0463542 0.10463
0 0.717969 0.504167 0.0213542 0.0953704
0 0.777604 0.456481 0.0177083 0.0462963
0 0.26849 0.493519 0.0484375 0.0796296
0 0.564844 0.559259 0.0390625 0.0944444
0 0.81849 0.44213 0.0328125 0.0768519
0 0.540885 0.589815 0.0536458 0.118519
0 0.433333 0.551389 0.0572917 0.176852
0 0.573177 0.480556 0.0317708 0.12037
0 0.0513021 0.500463 0.101562 0.969444
0 0.758854 0.460185 0.0385417 0.0796296
0 0.540365 0.472685 0.0317708 0.134259
0 0.69349 0.515741 0.0401042 0.257407
0 0.622396 0.443519 0.0614583 0.138889
0 0.216667 0.544907 0.0604167 0.237963
0 0.857292 0.368981 0.075 0.239815
0 0.88724 0.686574 0.225521 0.606481
0 0.62526 0.714815 0.201562 0.52963
