0 0.677865 0.450463 0.0442708 0.239815
0 0.598437 0.533333 0.0416667 0.296296
0 0.819271 0.69213 0.0479167 0.0972222
0 0.484115 0.608333 0.0359375 0.0944444
0 0.497917 0.55463 0.0364583 0.0981481
0 0.909635 0.864815 0.179688 0.262963
0 0.415885 0.629167 0.0557292 0.182407
0 0.734375 0.539352 0.0239583 0.0694444
0 0.853646 0.468981 0.0875 0.312037
0 0.197656 0.628241 0.0557292 0.24537
0 0.565104 0.591667 0.0489583 0.296296
0 0.0765625 0.539352 0.141667 0.90463
0 0.660417 0.599074 0.1125 0.612963
0 0.454427 0.8375 0.322396 0.312037
