0 0.832292 0.4375 0.0135417 0.037963
0 0.666927 0.493056 0.0338542 0.0842593
0 0.661979 0.441667 0.0208333 0.0722222
0 0.545052 0.505556 0.0494792 0.124074
0 0.940625 0.844907 0.117708 0.300926
0 0.928125 0.322222 0.0333333 0.122222
0 0.85026 0.419444 0.0276042 0.0555556
0 0.640104 0.528704 0.05625 0.0981481
0 0.95651 0.402778 0.0859375 0.422222
0 0.797396 0.482407 0.03125 0.153704
0 0.0682292 0.575 0.0666667 0.268519
0 0.561198 0.537963 0.0651042 0.151852
0 0.608594 0.456481 0.0359375 0.116667
0 0.732031 0.477778 0.132812 0.468519
