0 0.838542 0.456944 0.0375 0.0490741
0 0.633854 0.540278 0.0270833 0.14537
0 0.53099 0.552315 0.0484375 0.143519
0 0.877344 0.382407 0.0567708 0.181481
0 0.657292 0.496296 0.0333333 0.087037
0 0.676562 0.491204 0.0364583 0.0824074
0 0.730729 0.456944 0.0333333 0.137963
0 0.546354 0.502778 0.0541667 0.174074
0 0.8125 0.593056 0.075 0.134259
0 0.948698 0.425463 0.0828125 0.375
0 0.150521 0.625 0.102083 0.255556
0 0.803125 0.448148 0.0447917 0.225926
0 0.0851562 0.580556 0.0953125 0.255556
0 0.6 0.473611 0.0572917 0.306481
0 0.295573 0.466667 0.190104 0.625926
0 0.446875 0.474074 0.141667 0.75
