0 0.883333 0.399537 0.00833333 0.0231481
0 0.940104 0.418056 0.021875 0.0564815
0 0.616927 0.413889 0.0265625 0.0833333
0 0.973958 0.42037 0.0520833 0.357407
0 0.665625 0.467593 0.0270833 0.22037
0 0.891927 0.424074 0.0223958 0.0685185
0 0.697917 0.444907 0.0364583 0.165741
0 0.585677 0.50787 0.0786458 0.147222
0 0.863802 0.4 0.0432292 0.131481
0 0.772656 0.475 0.0484375 0.333333
0 0.35026 0.493519 0.0692708 0.225926
0 0.640365 0.47037 0.0526042 0.248148
0 0.444531 0.476852 0.0713542 0.396296
0 0.107552 0.58287 0.0994792 0.256481
0 0.817448 0.472222 0.0776042 0.472222
0 0.198698 0.608796 0.127604 0.284259
