0 0.203125 0.534722 0.046875 0.213889
0 0.0132813 0.627315 0.0265625 0.149074
0 0.601302 0.440278 0.0296875 0.134259
0 0.565104 0.568056 0.0416667 0.10463
0 0.564583 0.473611 0.034375 0.130556
0 0.540365 0.586111 0.0567708 0.12963
0 0.859115 0.360648 0.0671875 0.171296
0 0.69349 0.521759 0.0692708 0.378704
0 0.482031 0.519444 0.0505208 0.32963
0 0.76901 0.39213 0.0703125 0.226852
0 0.878125 0.684259 0.239583 0.622222
0 0.638802 0.519907 0.0817708 0.402778
0 0.116667 0.635648 0.130208 0.334259
0 0.261458 0.527778 0.16875 0.72037
