0 0.666406 0.424074 0.0140625 0.0555556
0 0.698698 0.420833 0.0119792 0.0546296
0 0.676823 0.446296 0.0171875 0.062963
0 0.78776 0.415741 0.0140625 0.0333333
0 0.758073 0.390741 0.0473958 0.0796296
0 0.798437 0.411574 0.0135417 0.0416667
0 0.538281 0.474537 0.0234375 0.0935185
0 0.689323 0.447222 0.0171875 0.1
0 0.595052 0.40463 0.0932292 0.361111
0 0.642969 0.449537 0.0317708 0.180556
0 0.454688 0.506019 0.0572917 0.132407
0 0.715625 0.446759 0.0447917 0.236111
0 0.854688 0.375463 0.0885417 0.376852
