0 0.273177 0.490741 0.540104 0.97963
0 0.80651 0.455093 0.0380208 0.310185
0 0.807292 0.376389 0.0354167 0.149074
0 0.95625 0.813889 0.0864583 0.357407
0 0.71875 0.449074 0.025 0.159259
0 0.891667 0.406019 0.01875 0.0601852
0 0.627604 0.5 0.0572917 0.111111
0 0.88099 0.413426 0.0213542 0.0787037
0 0.969531 0.365741 0.0380208 0.198148
0 0.56901 0.49213 0.0557292 0.178704
0 0.669792 0.522222 0.053125 0.142593
0 0.701042 0.4625 0.0260417 0.189815
0 0.783333 0.465741 0.0322917 0.274074
0 0.670833 0.416204 0.0354167 0.132407
0 0.833854 0.463889 0.08125 0.37037
0 0.740885 0.456019 0.0692708 0.252778
