0 0.490885 0.530093 0.0380208 0.186111
0 0.767969 0.451389 0.0182292 0.0601852
0 0.822656 0.424074 0.0203125 0.114815
0 0.866146 0.431019 0.021875 0.0861111
0 0.895312 0.41713 0.0364583 0.0675926
0 0.805208 0.426852 0.0427083 0.212963
0 0.948958 0.428241 0.0791667 0.380556
0 0.81276 0.583333 0.0848958 0.146296
0 0.5625 0.462037 0.0770833 0.398148
0 0.649219 0.472685 0.0473958 0.328704
0 0.53125 0.501389 0.0541667 0.262037
0 0.0875 0.588426 0.090625 0.258333
0 0.320052 0.436111 0.0640625 0.32963
0 0.735156 0.47963 0.0390625 0.185185
0 0.164062 0.628241 0.13125 0.250926
