0 0.734896 0.336574 0.107292 0.162037
0 0.876302 0.415278 0.0182292 0.0546296
0 0.774479 0.32963 0.025 0.0592593
0 0.791667 0.477315 0.0145833 0.087963
0 0.946875 0.451852 0.0229167 0.105556
0 0.663542 0.503704 0.04375 0.107407
0 0.804167 0.458333 0.015625 0.0685185
0 0.554948 0.497685 0.0963542 0.180556
0 0.942187 0.848148 0.114583 0.294444
0 0.899479 0.356019 0.05 0.208333
0 0.463281 0.507407 0.0432292 0.314815
0 0.632812 0.527778 0.0489583 0.0962963
0 0.73125 0.481944 0.133333 0.450926
0 0.0830729 0.581019 0.0942708 0.237963
0 0.200781 0.466204 0.101562 0.417593
0 0.397656 0.475463 0.144271 0.600926
