0 0.811458 0.405093 0.0135417 0.0712963
0 0.628906 0.428704 0.0130208 0.0296296
0 0.877865 0.400926 0.0140625 0.0407407
0 0.34349 0.5 0.686979 1
0 0.861198 0.40787 0.0265625 0.0657407
0 0.892448 0.416204 0.0234375 0.0694444
0 0.830729 0.45 0.0260417 0.138889
0 0.9625 0.384722 0.0416667 0.219444
0 0.348958 0.436574 0.0583333 0.15463
0 0.915625 0.402778 0.0270833 0.0685185
0 0.778906 0.464815 0.0786458 0.598148
0 0.934896 0.744444 0.130208 0.496296
0 0.290365 0.323611 0.0901042 0.397222
0 0.703906 0.459259 0.125521 0.82037
