0 0.698177 0.447685 0.0140625 0.0638889
0 0.63125 0.485185 0.0322917 0.12963
0 0.0901042 0.626852 0.034375 0.138889
0 0.626302 0.461111 0.0234375 0.0833333
0 0.740625 0.42037 0.0177083 0.0907407
0 0.564583 0.493056 0.059375 0.180556
0 0.0119792 0.649074 0.0239583 0.187037
0 0.686719 0.4875 0.0421875 0.0935185
0 0.771615 0.451852 0.0546875 0.298148
0 0.934635 0.406019 0.130729 0.400926
0 0.101302 0.566204 0.0901042 0.269444
0 0.834896 0.460648 0.0927083 0.49537
0 0.396354 0.461574 0.165625 0.828704
