0 0.667448 0.433796 0.0213542 0.0712963
0 0.782552 0.406019 0.0203125 0.0527778
0 0.698177 0.421296 0.0119792 0.0518519
0 0.586198 0.408796 0.0244792 0.0675926
0 0.708333 0.426389 0.0114583 0.0564815
0 0.763021 0.39213 0.0552083 0.0768519
0 0.8 0.4125 0.015625 0.0416667
0 0.538542 0.459722 0.0177083 0.0564815
0 0.685156 0.450463 0.0234375 0.0990741
0 0.835417 0.387963 0.025 0.0518519
0 0.621354 0.448148 0.021875 0.159259
0 0.875521 0.431019 0.0864583 0.293519
0 0.521354 0.529167 0.0864583 0.149074
