0 0.609896 0.469444 0.0104167 0.0555556
0 0.817969 0.406019 0.0276042 0.062037
0 0.580469 0.520833 0.0463542 0.0953704
0 0.666667 0.493981 0.0302083 0.0861111
0 0.531771 0.458796 0.0354167 0.0768519
0 0.691667 0.436574 0.0427083 0.225
0 0.839063 0.422222 0.0208333 0.0777778
0 0.936979 0.429167 0.0989583 0.436111
0 0.736979 0.346296 0.0802083 0.198148
0 0.602344 0.500926 0.0411458 0.118519
0 0.400781 0.497222 0.151562 0.994444
0 0.947656 0.847222 0.103646 0.296296
0 0.529167 0.545833 0.0666667 0.160185
0 0.789583 0.50463 0.084375 0.540741
0 0.257812 0.482407 0.0864583 0.47037
0 0.0804688 0.575926 0.0921875 0.274074
