0 0.832812 0.490278 0.01875 0.128704
0 0.68151 0.57037 0.0505208 0.127778
0 0.970573 0.636574 0.0588542 0.719444
0 0.847917 0.49537 0.0166667 0.0888889
0 0.703125 0.447222 0.015625 0.0814815
0 0.977083 0.387963 0.0458333 0.214815
0 0.971354 0.838426 0.05625 0.315741
0 0.895052 0.440741 0.0171875 0.0592593
0 0.340104 0.490278 0.646875 0.976852
0 0.713281 0.552315 0.0442708 0.134259
0 0.71901 0.463889 0.0296875 0.105556
0 0.886458 0.452315 0.0322917 0.0805556
0 0.941406 0.434259 0.0328125 0.0759259
0 0.675781 0.464815 0.0359375 0.157407
0 0.814323 0.504167 0.0442708 0.199074
0 0.763542 0.5 0.0645833 0.272222
