0 0.71224 0.561574 0.0473958 0.100926
0 0.71875 0.469907 0.0229167 0.119444
0 0.898438 0.446296 0.0197917 0.062963
0 0.969531 0.835648 0.0598958 0.317593
0 0.0950521 0.6125 0.0744792 0.267593
0 0.942448 0.434259 0.0286458 0.0740741
0 0.972656 0.387963 0.0546875 0.285185
0 0.88125 0.453241 0.021875 0.0805556
0 0.356771 0.523148 0.0604167 0.227778
0 0.572396 0.461574 0.1125 0.417593
0 0.763281 0.498611 0.0651042 0.275
0 0.141406 0.5125 0.109896 0.615741
0 0.657292 0.50463 0.113542 0.625926
0 0.833333 0.500463 0.08125 0.402778
