0 0.986458 0.522222 0.0270833 0.187037
0 0.803385 0.428241 0.0338542 0.160185
0 0.534635 0.491667 0.0380208 0.137037
0 0.93099 0.581019 0.0755208 0.0972222
0 0.867188 0.423148 0.021875 0.0703704
0 0.839063 0.476852 0.04375 0.274074
0 0.586458 0.439352 0.114583 0.343519
0 0.891406 0.415741 0.0276042 0.0703704
0 0.677604 0.410648 0.034375 0.075
0 0.454167 0.47037 0.06875 0.440741
0 0.059375 0.503241 0.117708 0.973148
0 0.139844 0.470833 0.0921875 0.658333
0 0.744792 0.47963 0.113542 0.514815
0 0.260938 0.495833 0.246875 0.991667
