0 0.927865 0.581944 0.0588542 0.0990741
0 0.863802 0.421296 0.0192708 0.0759259
0 0.835417 0.411111 0.0427083 0.137037
0 0.880729 0.416667 0.021875 0.0611111
0 0.0705729 0.575463 0.0703125 0.267593
0 0.98099 0.430556 0.0380208 0.344444
0 0.667969 0.391667 0.0411458 0.0981481
0 0.796094 0.476852 0.0494792 0.32037
0 0.142969 0.366667 0.114063 0.411111
0 0.744271 0.474537 0.128125 0.49537
0 0.025 0.485648 0.0489583 0.663889
0 0.317708 0.479167 0.157292 0.837963
0 0.532812 0.490741 0.285417 0.974074
