0 0.818490 0.692130 0.048438 0.097222
0 0.679948 0.596296 0.019271 0.088889
0 0.642448 0.470833 0.130729 0.280556
0 0.736198 0.543056 0.022396 0.078704
0 0.483073 0.604167 0.038021 0.086111
0 0.589323 0.590278 0.021354 0.160185
0 0.415104 0.622685 0.058333 0.158333
0 0.853646 0.468056 0.080208 0.302778
0 0.027344 0.695833 0.053646 0.236111
0 0.914844 0.843519 0.170313 0.301852
0 0.754167 0.531481 0.037500 0.107407
0 0.437760 0.830556 0.295312 0.329630
0 0.199479 0.627778 0.059375 0.242593
0 0.664323 0.615278 0.125521 0.580556
0 0.560417 0.595833 0.053125 0.291667
0 0.458594 0.624537 0.029687 0.084259
0 0.508854 0.569907 0.033333 0.076852
