0 0.749219 0.438889 0.0307292 0.127778
0 0.6375 0.427778 0.0239583 0.0537037
0 0.665885 0.547222 0.0390625 0.0925926
0 0.0721354 0.616667 0.0442708 0.168519
0 0.698438 0.430556 0.015625 0.0944444
0 0.0130208 0.562037 0.0260417 0.268519
0 0.951302 0.805093 0.0963542 0.380556
0 0.733594 0.463889 0.0401042 0.207407
0 0.870052 0.363889 0.0411458 0.109259
0 0.0744792 0.561574 0.0697917 0.263889
0 0.797917 0.468981 0.0895833 0.550926
0 0.676823 0.451852 0.0369792 0.198148
0 0.936458 0.377315 0.123958 0.256481
0 0.39401 0.4625 0.128646 0.64537
0 0.57526 0.448611 0.115104 0.541667
