0 0.992448 0.359722 0.0151042 0.0527778
0 0.0104167 0.647685 0.0208333 0.180556
0 0.914323 0.411574 0.0244792 0.0509259
0 0.893229 0.416667 0.0208333 0.0833333
0 0.565104 0.515278 0.0625 0.112037
0 0.802083 0.446759 0.0260417 0.139815
0 0.616667 0.515741 0.046875 0.101852
0 0.697656 0.485648 0.0369792 0.0898148
0 0.876823 0.414352 0.0203125 0.0898148
0 0.846354 0.470833 0.0447917 0.282407
0 0.925521 0.662037 0.148958 0.544444
0 0.1 0.569444 0.0958333 0.266667
0 0.346615 0.491667 0.0703125 0.22037
0 0.666146 0.450463 0.0354167 0.208333
0 0.760156 0.467593 0.0609375 0.318519
0 0.503646 0.468056 0.08125 0.452778
