0 0.779427 0.405093 0.0182292 0.0509259
0 0.678906 0.4375 0.0192708 0.0768519
0 0.7625 0.446296 0.0479167 0.183333
0 0.699479 0.422685 0.0104167 0.0490741
0 0.78776 0.414815 0.0109375 0.0333333
0 0.755729 0.391204 0.0395833 0.075
0 0.690104 0.448611 0.0166667 0.102778
0 0.585938 0.410185 0.0260417 0.0703704
0 0.797656 0.409722 0.0119792 0.0398148
0 0.536719 0.475926 0.0182292 0.0944444
0 0.473437 0.501389 0.0916667 0.139815
0 0.921354 0.453704 0.09375 0.238889
0 0.617448 0.447685 0.0244792 0.156481
