0 0.939583 0.513426 0.0916667 0.230556
0 0.859115 0.415741 0.0296875 0.087037
0 0.0166667 0.262963 0.0333333 0.311111
0 0.685156 0.387037 0.0255208 0.0981481
0 0.986719 0.521759 0.0265625 0.187963
0 0.83724 0.473148 0.0526042 0.274074
0 0.880729 0.414815 0.0197917 0.062963
0 0.935156 0.412963 0.0192708 0.05
0 0.631771 0.37037 0.0895833 0.238889
0 0.152344 0.300463 0.0744792 0.262037
0 0.754687 0.476852 0.127083 0.518519
0 0.0846354 0.497685 0.168229 0.987963
0 0.480729 0.468056 0.201042 0.828704
