0 0.804167 0.464352 0.0166667 0.0231481
0 0.870833 0.77037 0.25625 0.427778
0 0.907812 0.446296 0.0479167 0.218519
0 0.690885 0.513889 0.0182292 0.0888889
0 0.836458 0.449074 0.0145833 0.0407407
0 0.723437 0.466667 0.0302083 0.112963
0 0.673958 0.50463 0.015625 0.0722222
0 0.702604 0.510185 0.0177083 0.111111
0 0.897135 0.499074 0.0723958 0.318519
0 0.751562 0.47037 0.0333333 0.0851852
0 0.120052 0.493981 0.238021 0.984259
0 0.611979 0.472685 0.028125 0.102778
0 0.895312 0.643056 0.177083 0.521296
0 0.23151 0.490741 0.0848958 0.859259
0 0.302083 0.520833 0.0739583 0.428704
0 0.43099 0.678704 0.416146 0.624074
