0 0.613281 0.508333 0.0421875 0.1
0 0.86875 0.42963 0.021875 0.0537037
0 0.627344 0.4625 0.0317708 0.102778
0 0.851302 0.411111 0.0255208 0.1
0 0.577083 0.500463 0.0604167 0.160185
0 0.0106771 0.646759 0.0213542 0.193519
0 0.735156 0.461574 0.0223958 0.169444
0 0.680469 0.43287 0.0505208 0.147222
0 0.711979 0.463426 0.0354167 0.189815
0 0.76276 0.462037 0.0286458 0.159259
0 0.93776 0.453704 0.123438 0.9
0 0.671875 0.521759 0.0625 0.115741
0 0.103125 0.568981 0.096875 0.275
0 0.81875 0.462963 0.0645833 0.5
0 0.357031 0.499074 0.0859375 0.207407
