0 0.772917 0.431944 0.0104167 0.0287037
0 0.709375 0.460185 0.0239583 0.0537037
0 0.409375 0.383333 0.108333 0.52963
0 0.786458 0.475926 0.0135417 0.0944444
0 0.66901 0.449537 0.0192708 0.0453704
0 0.801042 0.463426 0.0166667 0.0731481
0 0.663542 0.493981 0.0447917 0.0842593
0 0.860417 0.42037 0.0166667 0.0481481
0 0.761458 0.463426 0.0270833 0.106481
0 0.74401 0.475 0.0223958 0.12963
0 0.459896 0.494444 0.15625 0.985185
0 0.839063 0.421759 0.0229167 0.0638889
0 0.586458 0.469444 0.0666667 0.346296
0 0.540625 0.410185 0.101042 0.725926
0 0.0747396 0.574537 0.0890625 0.269444
0 0.940104 0.766667 0.119792 0.457407
0 0.945312 0.447222 0.109375 0.664815
