0 0.589063 0.516667 0.040625 0.111111
0 0.84974 0.420833 0.0234375 0.0712963
0 0.81875 0.455556 0.0197917 0.0981481
0 0.796875 0.447685 0.0322917 0.143519
0 0.597917 0.487037 0.0364583 0.0944444
0 0.950781 0.415278 0.0682292 0.378704
0 0.945833 0.849537 0.107292 0.291667
0 0.886458 0.380556 0.0552083 0.144444
0 0.551302 0.468519 0.0484375 0.242593
0 0.78099 0.478704 0.0598958 0.438889
0 0.0765625 0.577315 0.0864583 0.278704
0 0.252083 0.484722 0.123958 0.473148
0 0.667188 0.45787 0.207292 0.893519
