0 0.492188 0.463889 0.025 0.0851852
0 0.84401 0.42963 0.0265625 0.0851852
0 0.799219 0.411574 0.0119792 0.0416667
0 0.709896 0.39537 0.0229167 0.0981481
0 0.697917 0.422685 0.0166667 0.0509259
0 0.826563 0.381019 0.0166667 0.0287037
0 0.53724 0.473611 0.0203125 0.0861111
0 0.775781 0.391667 0.0359375 0.0796296
0 0.738542 0.443519 0.03125 0.161111
0 0.642708 0.460648 0.025 0.128704
0 0.685417 0.447685 0.021875 0.100926
0 0.607292 0.393056 0.103125 0.291667
0 0.454167 0.4875 0.05 0.150926
0 0.923958 0.448148 0.104167 0.251852
