0 0.922656 0.427315 0.0171875 0.037963
0 0.00885417 0.652315 0.0177083 0.173148
0 0.627604 0.453704 0.03125 0.0611111
0 0.840365 0.465278 0.0359375 0.275
0 0.896354 0.42037 0.0260417 0.0814815
0 0.866667 0.405093 0.034375 0.10463
0 0.967448 0.323611 0.0651042 0.243519
0 0.424479 0.409259 0.126042 0.561111
0 0.917188 0.660185 0.164583 0.546296
0 0.794792 0.471296 0.0739583 0.512963
0 0.692187 0.455556 0.0572917 0.357407
0 0.739323 0.460648 0.0578125 0.447222
0 0.104427 0.571759 0.0859375 0.276852
0 0.579948 0.491204 0.201562 0.982407
