0 0.8 0.413426 0.0145833 0.037963
0 0.701563 0.423148 0.0114583 0.05
0 0.788542 0.415741 0.0114583 0.0333333
0 0.741667 0.441667 0.0239583 0.164815
0 0.665625 0.435185 0.0166667 0.0740741
0 0.828646 0.377315 0.0145833 0.0305556
0 0.770052 0.388889 0.0286458 0.0740741
0 0.740625 0.397685 0.021875 0.0731481
0 0.844271 0.429167 0.0260417 0.0842593
0 0.597656 0.408796 0.0296875 0.0657407
0 0.538281 0.476389 0.0223958 0.0898148
0 0.921875 0.444444 0.0989583 0.261111
0 0.452865 0.51713 0.0526042 0.143519
