0 0.910937 0.391667 0.0541667 0.118519
0 0.624219 0.399074 0.0265625 0.103704
0 0.552604 0.432407 0.034375 0.188889
0 0.836979 0.446296 0.090625 0.101852
0 0.947917 0.413426 0.0927083 0.393519
0 0.79349 0.463889 0.0463542 0.190741
0 0.809896 0.580556 0.0770833 0.148148
0 0.304948 0.440741 0.0734375 0.203704
0 0.714323 0.426389 0.0848958 0.286111
0 0.646615 0.470833 0.0515625 0.336111
0 0.505729 0.5375 0.0697917 0.162037
0 0.829427 0.385648 0.0369792 0.0916667
0 0.0908854 0.589352 0.0911458 0.256481
0 0.163281 0.631019 0.131771 0.241667
