0 0.982292 0.781944 0.034375 0.234259
0 0.678125 0.456944 0.0166667 0.0657407
0 0.852865 0.431944 0.0213542 0.0305556
0 0.583073 0.508796 0.0546875 0.134259
0 0.785677 0.472685 0.0161458 0.102778
0 0.665365 0.495833 0.0369792 0.0898148
0 0.982031 0.406481 0.0359375 0.174074
0 0.759375 0.472685 0.025 0.117593
0 0.905729 0.42963 0.025 0.0666667
0 0.727604 0.470833 0.021875 0.132407
0 0.611198 0.453241 0.0442708 0.156481
0 0.79974 0.472222 0.0182292 0.101852
0 0.50651 0.468981 0.147396 0.476852
0 0.0828125 0.577778 0.0822917 0.274074
0 0.894531 0.736111 0.209896 0.516667
