0 0.750781 0.471759 0.0151042 0.087963
0 0.944531 0.450926 0.0380208 0.105556
0 0.979948 0.474074 0.0401042 0.266667
0 0.588281 0.518519 0.0463542 0.0981481
0 0.784115 0.472685 0.0171875 0.100926
0 0.606771 0.490741 0.0458333 0.118519
0 0.950521 0.825 0.0979167 0.340741
0 0.666406 0.497222 0.0328125 0.0888889
0 0.763802 0.469444 0.0171875 0.114815
0 0.903125 0.42963 0.0197917 0.062963
0 0.803125 0.471296 0.0177083 0.0981481
0 0.717448 0.462037 0.0192708 0.109259
0 0.880208 0.426852 0.0239583 0.0407407
0 0.0791667 0.576852 0.078125 0.275926
0 0.553646 0.465278 0.059375 0.230556
0 0.265365 0.472685 0.0807292 0.452778
