0 0.555729 0.454167 0.0270833 0.0638889
0 0.629167 0.448148 0.015625 0.116667
0 0.783333 0.480556 0.015625 0.087037
0 0.790625 0.477778 0.0114583 0.0888889
0 0.596094 0.488889 0.0317708 0.118519
0 0.860417 0.400463 0.0270833 0.087963
0 0.808594 0.455556 0.0151042 0.0666667
0 0.0356771 0.452778 0.0713542 0.851852
0 0.560938 0.5375 0.0739583 0.162037
0 0.840104 0.427315 0.0229167 0.0583333
0 0.065625 0.575 0.0614583 0.27037
0 0.94401 0.418519 0.0942708 0.383333
0 0.957552 0.848148 0.0848958 0.292593
0 0.658073 0.478704 0.0609375 0.32037
0 0.735417 0.476852 0.138542 0.462963
0 0.458333 0.481019 0.202083 0.880556
