0 0.903385 0.422222 0.0161458 0.0351852
0 0.756771 0.416667 0.0197917 0.0759259
0 0.955469 0.328704 0.0328125 0.148148
0 0.757812 0.509259 0.0322917 0.0888889
0 0.696875 0.410648 0.0260417 0.112037
0 0.970573 0.3125 0.0578125 0.176852
0 0.872396 0.411574 0.0239583 0.0898148
0 0.609635 0.510648 0.0411458 0.108333
0 0.572656 0.511111 0.0640625 0.148148
0 0.944271 0.651852 0.111458 0.544444
0 0.684896 0.468519 0.0416667 0.183333
0 0.34401 0.490741 0.0661458 0.22037
0 0.101562 0.580093 0.101042 0.265741
0 0.794531 0.464815 0.0817708 0.344444
