0 0.770052 0.430556 0.0161458 0.0296296
0 0.954427 0.891204 0.0901042 0.210185
0 0.734635 0.449074 0.0130208 0.0425926
0 0.907292 0.356944 0.0208333 0.202778
0 0.755208 0.440741 0.0291667 0.0592593
0 0.955469 0.751852 0.0880208 0.477778
0 0.0567708 0.577315 0.0708333 0.267593
0 0.755208 0.472685 0.0364583 0.121296
0 0.798698 0.472222 0.0140625 0.0944444
0 0.786719 0.475463 0.0151042 0.0972222
0 0.0356771 0.444907 0.0713542 0.708333
0 0.363021 0.298148 0.130208 0.409259
0 0.948438 0.465278 0.103125 0.712037
0 0.595052 0.407407 0.258854 0.812963
