0 0.638802 0.443056 0.0380208 0.175
0 0.867188 0.583796 0.0729167 0.128704
0 0.110677 0.624537 0.0505208 0.143519
0 0.671875 0.494444 0.0333333 0.0851852
0 0.71875 0.409259 0.0385417 0.144444
0 0.466406 0.440278 0.0609375 0.247222
0 0.863802 0.429167 0.0286458 0.0842593
0 0.566927 0.521296 0.0598958 0.137037
0 0.522135 0.552315 0.0786458 0.149074
0 0.904167 0.41713 0.0291667 0.075
0 0.954687 0.412963 0.0697917 0.403704
0 0.0895833 0.577315 0.0895833 0.263889
0 0.361458 0.458333 0.0666667 0.194444
0 0.613021 0.484259 0.0552083 0.287037
0 0.185417 0.499537 0.0864583 0.49537
0 0.789323 0.489815 0.116146 0.490741
