0 0.985156 0.852315 0.0286458 0.282407
0 0.736979 0.472685 0.0239583 0.0805556
0 0.592448 0.493981 0.0223958 0.117593
0 0.610677 0.452315 0.0151042 0.0638889
0 0.759896 0.462037 0.0270833 0.0833333
0 0.786458 0.465278 0.021875 0.0675926
0 0.869271 0.401852 0.0770833 0.264815
0 0.811458 0.449537 0.028125 0.0638889
0 0.629948 0.463426 0.0328125 0.184259
0 0.572656 0.57037 0.0494792 0.112963
0 0.571615 0.472685 0.0296875 0.134259
0 0.679427 0.50463 0.0838542 0.605556
0 0.0255208 0.689815 0.0510417 0.314815
0 0.225 0.52963 0.0708333 0.201852
0 0.898438 0.682407 0.198958 0.627778
0 0.620573 0.725 0.223438 0.538889
