0 0.00989583 0.663889 0.0197917 0.161111
0 0.784115 0.438889 0.0203125 0.0481481
0 0.0763021 0.49537 0.142188 0.990741
0 0.79349 0.431481 0.0130208 0.0444444
0 0.88724 0.395833 0.0171875 0.0324074
0 0.822656 0.452315 0.0213542 0.115741
0 0.691146 0.483333 0.0302083 0.0888889
0 0.765885 0.456019 0.0203125 0.128704
0 0.788021 0.483796 0.015625 0.0638889
0 0.871094 0.413426 0.0380208 0.0842593
0 0.220573 0.496759 0.417188 0.989815
0 0.92526 0.415741 0.0234375 0.0685185
0 0.550781 0.5125 0.0484375 0.197222
0 0.96849 0.368981 0.0567708 0.252778
0 0.738542 0.466204 0.0510417 0.284259
