0 0.783073 0.474074 0.0171875 0.0981481
0 0.0898438 0.638889 0.0661458 0.148148
0 0.815104 0.418981 0.0229167 0.0990741
0 0.734115 0.329167 0.0953125 0.156481
0 0.917448 0.342593 0.0442708 0.131481
0 0.805469 0.45787 0.0161458 0.0731481
0 0.834635 0.425926 0.0171875 0.0555556
0 0.847396 0.417593 0.021875 0.0592593
0 0.666146 0.493056 0.0385417 0.0842593
0 0.941406 0.847685 0.116146 0.29537
0 0.531771 0.489815 0.040625 0.151852
0 0.646875 0.527315 0.0458333 0.0935185
0 0.0682292 0.576852 0.0614583 0.268519
0 0.632812 0.458333 0.0239583 0.146296
0 0.948438 0.425 0.084375 0.385185
0 0.56224 0.54213 0.0703125 0.156481
0 0.73099 0.479167 0.134896 0.462037
