0 0.505729 0.47037 0.0739583 0.0925926
0 0.866667 0.382407 0.0541667 0.175926
0 0.66901 0.49537 0.0307292 0.087037
0 0.590625 0.441667 0.0322917 0.168519
0 0.864062 0.486111 0.0583333 0.37963
0 0.584115 0.526389 0.0401042 0.126852
0 0.552865 0.493519 0.0296875 0.151852
0 0.733073 0.451852 0.0265625 0.111111
0 0.15026 0.626852 0.106771 0.255556
0 0.95026 0.427778 0.0807292 0.37963
0 0.528646 0.547685 0.0791667 0.160185
0 0.798437 0.437037 0.0572917 0.201852
0 0.0888021 0.57963 0.0921875 0.255556
0 0.620573 0.476852 0.0515625 0.305556
0 0.291927 0.473611 0.198437 0.615741
