0 0.640625 0.447222 0.0270833 0.0666667
0 0.867448 0.418519 0.0296875 0.0722222
0 0.888802 0.419907 0.0244792 0.0787037
0 0.873698 0.406481 0.0192708 0.05
0 0.951563 0.363426 0.0291667 0.171296
0 0.857552 0.422685 0.0182292 0.075
0 0.910677 0.42037 0.0171875 0.0314815
0 0.100781 0.493981 0.199479 0.987963
0 0.836719 0.406019 0.0255208 0.106481
0 0.816146 0.418056 0.0489583 0.291667
0 0.980729 0.362963 0.0385417 0.225926
0 0.921354 0.665278 0.15625 0.550926
0 0.345052 0.490278 0.0661458 0.226852
0 0.596615 0.463426 0.0817708 0.375
0 0.736719 0.481019 0.135937 0.884259
