0 0.582552 0.516667 0.0640625 0.12037
0 0.904427 0.4625 0.0942708 0.0824074
0 0.56901 0.532407 0.0359375 0.107407
0 0.984896 0.290278 0.0302083 0.112037
0 0.608594 0.503241 0.0453125 0.108333
0 0.83151 0.357407 0.0234375 0.0518519
0 0.661198 0.427778 0.0536458 0.0962963
0 0.623958 0.444907 0.0354167 0.0916667
0 0.961198 0.331019 0.0765625 0.14537
0 0.917448 0.656018 0.164062 0.528704
0 0.345573 0.485648 0.0682292 0.230556
0 0.129427 0.498148 0.247396 0.990741
0 0.511719 0.465278 0.0994792 0.515741
0 0.78099 0.619907 0.245312 0.539815
