0 0.558854 0.915741 0.0635417 0.164815
0 0.00989583 0.6 0.0197917 0.181481
0 0.754427 0.477778 0.0244792 0.0518519
0 0.614583 0.515741 0.028125 0.311111
0 0.544792 0.468519 0.0270833 0.0722222
0 0.335417 0.258333 0.0645833 0.205556
0 0.709896 0.515741 0.0333333 0.235185
0 0.732813 0.480556 0.025 0.0851852
0 0.948698 0.6 0.102604 0.453704
0 0.580469 0.466204 0.0536458 0.223148
0 0.479167 0.318056 0.155208 0.471296
0 0.311719 0.340278 0.105729 0.356481
0 0.663281 0.511574 0.0932292 0.54537
0 0.861198 0.400926 0.103646 0.348148
0 0.398438 0.749537 0.451042 0.482407
