0 0.0166667 0.806019 0.0333333 0.19537
0 0.861198 0.825463 0.275521 0.343519
0 0.58099 0.480556 0.0192708 0.103704
0 0.297135 0.582407 0.0453125 0.312963
0 0.627083 0.424537 0.0416667 0.0861111
0 0.45 0.511111 0.046875 0.231481
0 0.526042 0.408796 0.104167 0.230556
0 0.875781 0.407407 0.0921875 0.285185
0 0.242448 0.538889 0.0744792 0.174074
0 0.346354 0.468519 0.0802083 0.405556
0 0.402083 0.481944 0.0552083 0.363889
0 0.708073 0.515278 0.134896 0.55463
0 0.777865 0.438889 0.0515625 0.137037
0 0.0401042 0.496759 0.0791667 0.978704
0 0.426823 0.750926 0.446354 0.474074
