0 0.685677 0.47963 0.0203125 0.0814815
0 0.670313 0.490741 0.0270833 0.0981481
0 0.820312 0.452315 0.0229167 0.113889
0 0.982292 0.596759 0.034375 0.589815
0 0.610417 0.501852 0.04375 0.112963
0 0.863542 0.430093 0.0208333 0.0657407
0 0.639323 0.460185 0.0421875 0.181481
0 0.888021 0.421759 0.03125 0.075
0 0.56875 0.489815 0.0552083 0.172222
0 0.0171875 0.648611 0.034375 0.187963
0 0.771615 0.453704 0.0744792 0.314815
0 0.357292 0.502778 0.0875 0.201852
0 0.10026 0.568981 0.0869792 0.276852
0 0.680469 0.727315 0.235938 0.537963
