0 0.490625 0.583333 0.334375 0.401852
0 0.623438 0.458796 0.0364583 0.0787037
0 0.625521 0.506481 0.0416667 0.177778
0 0.796094 0.457407 0.0286458 0.0777778
0 0.911719 0.888889 0.175521 0.209259
0 0.771615 0.464815 0.0161458 0.0703704
0 0.579948 0.455093 0.0473958 0.10463
0 0.755729 0.463426 0.0260417 0.0824074
0 0.865365 0.3875 0.0901042 0.260185
0 0.890104 0.67037 0.21875 0.622222
0 0.68151 0.512963 0.0828125 0.618519
0 0.0653646 0.516667 0.129688 0.940741
0 0.447135 0.510648 0.157813 0.589815
0 0.201302 0.534722 0.105729 0.578704
