0 0.764323 0.543056 0.0307292 0.269444
0 0.129688 0.643519 0.03125 0.0796296
0 0.964844 0.372222 0.0703125 0.314815
0 0.900521 0.420833 0.0447917 0.147222
0 0.629167 0.55 0.046875 0.103704
0 0.863802 0.463426 0.0338542 0.110185
0 0.745313 0.503241 0.0364583 0.286111
0 0.950521 0.825926 0.0979167 0.338889
0 0.710677 0.555556 0.0463542 0.122222
0 0.576563 0.532407 0.0510417 0.177778
0 0.0708333 0.615278 0.0927083 0.265741
0 0.710677 0.466667 0.0317708 0.116667
0 0.194271 0.456019 0.0760417 0.126852
0 0.679167 0.572685 0.0552083 0.121296
0 0.678906 0.463889 0.0307292 0.15
0 0.356771 0.528704 0.0614583 0.238889
0 0.840104 0.496296 0.158333 0.635185
