0 0.870313 0.412963 0.0177083 0.087037
0 0.940885 0.570833 0.0796875 0.0972222
0 0.760417 0.419444 0.0177083 0.05
0 0.00989583 0.641667 0.0197917 0.192593
0 0.613802 0.506481 0.0536458 0.103704
0 0.910156 0.40787 0.0286458 0.062037
0 0.8875 0.421759 0.0260417 0.0731481
0 0.701302 0.487037 0.0411458 0.0907407
0 0.563802 0.48287 0.0630208 0.165741
0 0.847135 0.471296 0.0473958 0.285185
0 0.101562 0.572685 0.1 0.269444
0 0.669792 0.453704 0.0354167 0.209259
0 0.927344 0.662963 0.145313 0.505556
0 0.345833 0.487037 0.0666667 0.227778
