0 0.654167 0.487963 0.0229167 0.0722222
0 0.603125 0.468519 0.0583333 0.290741
0 0.542969 0.505556 0.0505208 0.164815
0 0.73151 0.456944 0.0328125 0.125
0 0.48125 0.474537 0.0489583 0.293519
0 0.841146 0.419907 0.0260417 0.0675926
0 0.584115 0.524074 0.0442708 0.125926
0 0.589063 0.430556 0.0333333 0.131481
0 0.814844 0.5875 0.0880208 0.149074
0 0.796615 0.435648 0.0546875 0.200926
0 0.686458 0.47963 0.0489583 0.185185
0 0.0861979 0.573611 0.0890625 0.260185
0 0.950781 0.424074 0.0796875 0.374074
0 0.88099 0.373148 0.0421875 0.198148
0 0.527604 0.550926 0.0791667 0.153704
0 0.152344 0.624074 0.107813 0.259259
0 0.261198 0.477778 0.260938 0.6
0 0.622135 0.475 0.0463542 0.307407
