0 0.338281 0.390741 0.0463542 0.144444
0 0.933854 0.411111 0.01875 0.0462963
0 0.541406 0.498148 0.0536458 0.175926
0 0.678125 0.390278 0.0291667 0.121296
0 0.830729 0.488889 0.071875 0.264815
0 0.86849 0.426389 0.0234375 0.0861111
0 0.659896 0.376389 0.0385417 0.130556
0 0.902604 0.419444 0.034375 0.0759259
0 0.0216146 0.538889 0.0432292 0.577778
0 0.298698 0.481481 0.107813 0.564815
0 0.741927 0.476389 0.117188 0.506481
0 0.611719 0.462963 0.0838542 0.459259
0 0.0851562 0.573148 0.0942708 0.262963
