0 0.717708 0.417593 0.0333333 0.0537037
0 0.984896 0.776389 0.0302083 0.432407
0 0.148958 0.712037 0.184375 0.377778
0 0.671094 0.418519 0.0171875 0.037037
0 0.210156 0.647685 0.0786458 0.436111
0 0.688281 0.425 0.0151042 0.0314815
0 0.61849 0.409722 0.0359375 0.0657407
0 0.216406 0.509722 0.0630208 0.163889
0 0.0338542 0.611574 0.0677083 0.19537
0 0.786719 0.462037 0.0223958 0.0574074
0 0.858594 0.356944 0.0640625 0.169444
0 0.16875 0.493056 0.2375 0.889815
0 0.542188 0.352315 0.121875 0.250926
0 0.341406 0.523148 0.0973958 0.559259
0 0.891927 0.691667 0.214062 0.607407
0 0.629687 0.7 0.278125 0.581481
