0 0.489062 0.560185 0.040625 0.109259
0 0.0117188 0.643981 0.0234375 0.115741
0 0.728646 0.489815 0.0229167 0.0592593
0 0.69974 0.515278 0.0213542 0.0953704
0 0.78099 0.459722 0.0182292 0.0453704
0 0.541667 0.587963 0.0520833 0.124074
0 0.811979 0.441667 0.0270833 0.0777778
0 0.43724 0.552315 0.0557292 0.176852
0 0.759635 0.461574 0.0380208 0.0787037
0 0.571354 0.473148 0.03125 0.0981481
0 0.538802 0.485648 0.0348958 0.158333
0 0.21875 0.54213 0.0645833 0.230556
0 0.615104 0.438426 0.0489583 0.130556
0 0.852344 0.38287 0.0796875 0.213889
0 0.884115 0.690278 0.231771 0.60463
0 0.64375 0.702778 0.241667 0.551852
