0 0.321354 0.423611 0.046875 0.230556
0 0.971094 0.486111 0.0296875 0.0907407
0 0.321615 0.349074 0.0453125 0.0777778
0 0.466146 0.539815 0.154167 0.892593
0 0.690625 0.509259 0.034375 0.168519
0 0.346875 0.780556 0.34375 0.42037
0 0.615885 0.518981 0.0432292 0.234259
0 0.251042 0.383796 0.084375 0.562037
0 0.725 0.518056 0.0395833 0.200926
0 0.866927 0.352315 0.0755208 0.213889
0 0.75599 0.466667 0.0296875 0.0759259
0 0.569271 0.513426 0.0604167 0.273148
0 0.827344 0.678704 0.345313 0.633333
0 0.656771 0.518056 0.071875 0.310185
0 0.121875 0.493056 0.239583 0.986111
