0 0.826302 0.427315 0.0348958 0.0861111
0 0.796615 0.460185 0.0244792 0.109259
0 0.654427 0.498148 0.0276042 0.0907407
0 0.755208 0.455093 0.0416667 0.160185
0 0.836719 0.397222 0.0234375 0.037037
0 0.857031 0.428241 0.0286458 0.0731481
0 0.585417 0.515278 0.0479167 0.108333
0 0.689844 0.476852 0.0546875 0.196296
0 0.0721354 0.573611 0.0661458 0.267593
0 0.432031 0.351852 0.0869792 0.2
0 0.316927 0.489815 0.118229 0.668519
0 0.632292 0.465741 0.0510417 0.281481
0 0.53776 0.465278 0.0494792 0.325
0 0.909375 0.498148 0.179167 0.987037
