0 0.959635 0.898148 0.0796875 0.194444
0 0.785156 0.460648 0.0161458 0.0546296
0 0.800521 0.452778 0.0270833 0.0759259
0 0.573438 0.573148 0.05625 0.116667
0 0.621094 0.456019 0.0369792 0.0675926
0 0.760417 0.463426 0.028125 0.0805556
0 0.0278646 0.655556 0.0546875 0.383333
0 0.572135 0.472222 0.0286458 0.135185
0 0.219271 0.543519 0.0729167 0.25
0 0.471094 0.512963 0.123438 0.411111
0 0.68151 0.47963 0.0869792 0.561111
0 0.861458 0.365741 0.0927083 0.225926
0 0.622135 0.722685 0.207813 0.549074
0 0.889583 0.700926 0.21875 0.594444
0 0.341406 0.533796 0.143229 0.782407
