0 0.861719 0.409722 0.0161458 0.0398148
0 0.584115 0.52037 0.0526042 0.101852
0 0.685677 0.435185 0.0276042 0.0722222
0 0.53099 0.458333 0.0411458 0.0759259
0 0.608854 0.498148 0.0572917 0.114815
0 0.670052 0.502315 0.0369792 0.0694444
0 0.945052 0.849074 0.108854 0.288889
0 0.748177 0.471759 0.0286458 0.134259
0 0.95625 0.417593 0.0552083 0.381481
0 0.53099 0.546296 0.0609375 0.159259
0 0.235156 0.477778 0.0692708 0.492593
0 0.80599 0.499074 0.103646 0.466667
0 0.0755208 0.577315 0.0916667 0.275
0 0.447917 0.4875 0.0947917 0.330556
