0 0.61875 0.418056 0.025 0.15463
0 0.478906 0.478241 0.0546875 0.276852
0 0.149219 0.628241 0.102604 0.25463
0 0.876042 0.462963 0.0604167 0.335185
0 0.658594 0.496296 0.0348958 0.087037
0 0.671875 0.491204 0.028125 0.0787037
0 0.730208 0.456019 0.0322917 0.130556
0 0.641146 0.548148 0.0458333 0.133333
0 0.95 0.426852 0.0791667 0.375926
0 0.813021 0.584259 0.0854167 0.153704
0 0.544531 0.502778 0.0578125 0.175926
0 0.389844 0.451852 0.0869792 0.174074
0 0.522917 0.548148 0.0697917 0.155556
0 0.0869792 0.581019 0.0927083 0.252778
0 0.792708 0.437963 0.0604167 0.22037
0 0.600521 0.474537 0.0520833 0.308333
0 0.286458 0.473148 0.204167 0.624074
