0 0.692969 0.432870 0.024479 0.067593
0 0.984375 0.452315 0.031250 0.275000
0 0.404427 0.274074 0.035937 0.192593
0 0.795833 0.445370 0.014583 0.062963
0 0.824219 0.459259 0.018229 0.094444
0 0.932552 0.426852 0.027604 0.057407
0 0.857292 0.413889 0.030208 0.090741
0 0.750781 0.439815 0.024479 0.105556
0 0.894531 0.425463 0.025521 0.060185
0 0.078646 0.502315 0.041667 0.143519
0 0.234896 0.495833 0.467708 0.989815
0 0.638281 0.395833 0.117188 0.399074
0 0.676823 0.722685 0.233854 0.543519
0 0.559375 0.431944 0.044792 0.067593
