0 0.838021 0.398148 0.021875 0.0759259
0 0.925521 0.569907 0.0510417 0.0935185
0 0.772656 0.438426 0.0119792 0.0398148
0 0.792708 0.442593 0.0145833 0.0611111
0 0.939583 0.348148 0.0385417 0.188889
0 0.825781 0.451389 0.0213542 0.106481
0 0.858073 0.436111 0.0213542 0.05
0 0.0104167 0.648611 0.0208333 0.189815
0 0.971354 0.403241 0.0572917 0.386111
0 0.883333 0.428241 0.0208333 0.0972222
0 0.541667 0.531944 0.0572917 0.160185
0 0.103646 0.570833 0.09375 0.276852
0 0.357031 0.503241 0.0859375 0.200926
0 0.694792 0.460185 0.142708 0.555556
