0 0.00677083 0.708333 0.0135417 0.111111
0 0.598958 0.56713 0.0177083 0.0953704
0 0.445573 0.674074 0.0557292 0.151852
0 0.597917 0.633796 0.0291667 0.075
0 0.699219 0.526852 0.0390625 0.0592593
0 0.86224 0.498148 0.0807292 0.435185
0 0.421875 0.643056 0.0447917 0.187963
0 0.928385 0.854167 0.142188 0.280556
0 0.576042 0.597685 0.0333333 0.206481
0 0.646094 0.585185 0.116146 0.459259
0 0.0828125 0.600926 0.0885417 0.664815
0 0.216406 0.60787 0.0953125 0.660185
0 0.482292 0.600463 0.152083 0.625
