0 0.586198 0.518056 0.048438 0.106481
0 0.676562 0.457407 0.016667 0.066667
0 0.875000 0.422685 0.029167 0.054630
0 0.785937 0.472685 0.016667 0.104630
0 0.696094 0.436574 0.021354 0.049074
0 0.600781 0.476389 0.038021 0.108333
0 0.978385 0.438426 0.043229 0.204630
0 0.801042 0.470370 0.017708 0.100000
0 0.665885 0.496759 0.034896 0.089815
0 0.634635 0.469907 0.030729 0.175000
0 0.905469 0.428704 0.023438 0.064815
0 0.764323 0.470370 0.019271 0.112963
0 0.538281 0.475926 0.046354 0.231481
0 0.080208 0.576389 0.078125 0.278704
0 0.885677 0.743981 0.227604 0.499074
0 0.816146 0.473148 0.016667 0.077778
