0 0.971094 0.617593 0.0557292 0.124074
0 0.713802 0.465278 0.0307292 0.141667
0 0.888021 0.424074 0.0291667 0.0666667
0 0.665625 0.498148 0.0364583 0.0962963
0 0.922656 0.375463 0.0463542 0.156481
0 0.964063 0.452315 0.0666667 0.269444
0 0.757552 0.471759 0.0265625 0.117593
0 0.5875 0.518519 0.0447917 0.114815
0 0.929948 0.828704 0.139062 0.333333
0 0.555208 0.491204 0.0802083 0.213889
0 0.813542 0.481019 0.0489583 0.326852
0 0.455208 0.461574 0.0802083 0.425
0 0.0828125 0.580556 0.0833333 0.264815
