0 0.959375 0.893981 0.08125 0.200926
0 0.795573 0.45463 0.0296875 0.0814815
0 0.599479 0.482407 0.0854167 0.103704
0 0.764063 0.466204 0.0385417 0.0768519
0 0.0236979 0.684722 0.0463542 0.323148
0 0.215885 0.539352 0.0744792 0.221296
0 0.571615 0.575 0.0567708 0.116667
0 0.0583333 0.540741 0.0677083 0.672222
0 0.490365 0.524074 0.0838542 0.368519
0 0.873958 0.354167 0.0864583 0.234259
0 0.445573 0.51713 0.121354 0.50463
0 0.680469 0.514352 0.0796875 0.619444
0 0.892969 0.673611 0.211979 0.641667
0 0.169792 0.514352 0.179167 0.797222
