0 0.735937 0.451852 0.0114583 0.0462963
0 0.0908854 0.638889 0.0619792 0.153704
0 0.665625 0.448148 0.0177083 0.0333333
0 0.671615 0.493519 0.0255208 0.0703704
0 0.800521 0.462963 0.0177083 0.0796296
0 0.786458 0.476389 0.0145833 0.0935185
0 0.716406 0.464352 0.0369792 0.0564815
0 0.58151 0.508333 0.0453125 0.114815
0 0.902083 0.356944 0.0229167 0.20463
0 0.822656 0.440278 0.0192708 0.0546296
0 0.547917 0.497685 0.0822917 0.158333
0 0.658854 0.493056 0.0427083 0.0805556
0 0.0708333 0.574537 0.0791667 0.267593
0 0.938542 0.844907 0.121875 0.299074
0 0.757031 0.470833 0.0390625 0.121296
0 0.365885 0.473611 0.130729 0.406481
0 0.949219 0.456019 0.101562 0.686111
