0 0.0104167 0.644444 0.0208333 0.198148
0 0.601302 0.501389 0.0380208 0.0898148
0 0.63125 0.4625 0.0375 0.0916667
0 0.961458 0.458333 0.0770833 0.909259
0 0.686979 0.440741 0.0416667 0.159259
0 0.572135 0.486111 0.0473958 0.161111
0 0.736719 0.459259 0.0213542 0.172222
0 0.782552 0.455093 0.0286458 0.180556
0 0.673177 0.518981 0.0630208 0.117593
0 0.0888021 0.567593 0.0671875 0.27037
0 0.713802 0.4625 0.0338542 0.189815
0 0.451823 0.484722 0.285937 0.967593
0 0.820573 0.463889 0.0671875 0.496296
