0 0.673437 0.46713 0.0229167 0.0527778
0 0.671615 0.489815 0.0276042 0.0944444
0 0.898698 0.859259 0.201562 0.218519
0 0.938021 0.420833 0.0229167 0.0657407
0 0.953906 0.454167 0.0901042 0.332407
0 0.689062 0.467593 0.0197917 0.0537037
0 0.894531 0.427315 0.0244792 0.0638889
0 0.839583 0.451389 0.0208333 0.087963
0 0.75 0.431019 0.0239583 0.0861111
0 0.611979 0.496759 0.046875 0.100926
0 0.572135 0.484722 0.0484375 0.158333
0 0.872656 0.418981 0.0234375 0.0731481
0 0.721615 0.427315 0.0411458 0.134259
0 0.249479 0.491204 0.498958 0.982407
0 0.0789063 0.501852 0.0421875 0.142593
0 0.522656 0.461574 0.0651042 0.482407
0 0.680469 0.729167 0.238021 0.528704
