0 0.809375 0.447685 0.021875 0.113889
0 0.967448 0.330093 0.032813 0.132407
0 0.970052 0.419444 0.058854 0.400000
0 0.456510 0.407870 0.049479 0.234259
0 0.679948 0.532870 0.049479 0.113889
0 0.837240 0.428241 0.029687 0.141667
0 0.883854 0.431019 0.022917 0.054630
0 0.931771 0.415741 0.026042 0.064815
0 0.684635 0.435185 0.027604 0.138889
0 0.341667 0.472685 0.065625 0.189815
0 0.708854 0.466204 0.030208 0.202778
0 0.642448 0.467593 0.051562 0.320370
0 0.781510 0.459259 0.043229 0.224074
0 0.487500 0.469444 0.119792 0.474074
0 0.114844 0.581019 0.118229 0.260185
0 0.233333 0.566667 0.114583 0.218519
0 0.736719 0.483333 0.027604 0.146296
