0 0.646875 0.518056 0.022917 0.119444
0 0.745833 0.475000 0.017708 0.068519
0 0.698698 0.504630 0.021354 0.118519
0 0.657813 0.514352 0.018750 0.132407
0 0.569010 0.568056 0.041146 0.117593
0 0.801823 0.469907 0.017188 0.036111
0 0.783854 0.460185 0.016667 0.044444
0 0.760938 0.462037 0.035417 0.081481
0 0.571875 0.483333 0.034375 0.112963
0 0.719271 0.484259 0.028125 0.112963
0 0.541927 0.586574 0.053646 0.123148
0 0.538802 0.474074 0.035937 0.133333
0 0.863802 0.404630 0.074479 0.255556
0 0.619531 0.506944 0.070312 0.284259
0 0.882031 0.680093 0.235937 0.628704
0 0.237500 0.476852 0.190625 0.896296
0 0.440365 0.518981 0.106771 0.517593
0 0.053646 0.451389 0.053125 0.210185
