0 0.929948 0.418519 0.0213542 0.0555556
0 0.0101562 0.658796 0.0203125 0.162037
0 0.788542 0.487037 0.0239583 0.0574074
0 0.614323 0.506019 0.0546875 0.108333
0 0.910417 0.408333 0.0270833 0.0611111
0 0.88724 0.421759 0.0265625 0.075
0 0.695833 0.487037 0.0333333 0.0907407
0 0.56276 0.487037 0.0640625 0.157407
0 0.928906 0.656944 0.141146 0.526852
0 0.850521 0.471759 0.0541667 0.284259
0 0.344531 0.487963 0.0671875 0.22963
0 0.668229 0.453704 0.0385417 0.207407
0 0.104687 0.456481 0.113542 0.835185
