0 0.818229 0.418056 0.0302083 0.0935185
0 0.978125 0.583333 0.0427083 0.359259
0 0.58151 0.513426 0.0463542 0.10463
0 0.7875 0.475926 0.01875 0.0944444
0 0.880208 0.394907 0.015625 0.0787037
0 0.835677 0.431019 0.0182292 0.0398148
0 0.803125 0.4625 0.0135417 0.0712963
0 0.941146 0.866667 0.114583 0.253704
0 0.558333 0.500463 0.0927083 0.178704
0 0.915365 0.433796 0.0713542 0.387963
0 0.659896 0.474537 0.040625 0.191667
0 0.732552 0.476852 0.133854 0.466667
0 0.08125 0.580093 0.0854167 0.260185
0 0.182031 0.47037 0.155729 0.414815
