0 0.558073 0.522685 0.0567708 0.112037
0 0.685677 0.44213 0.0286458 0.0564815
0 0.53151 0.454167 0.0380208 0.0694444
0 0.584635 0.520833 0.0515625 0.10463
0 0.860156 0.416204 0.0161458 0.0546296
0 0.602344 0.501852 0.0421875 0.12037
0 0.75 0.472222 0.0260417 0.135185
0 0.947135 0.41713 0.0744792 0.375
0 0.669271 0.501852 0.0364583 0.0722222
0 0.939062 0.840741 0.120833 0.307407
0 0.235938 0.477315 0.0666667 0.493519
0 0.0760417 0.577778 0.0927083 0.274074
0 0.474219 0.486574 0.0901042 0.334259
0 0.804948 0.499074 0.100521 0.464815
