0 0.7 0.437037 0.0197917 0.0944444
0 0.960156 0.812963 0.0796875 0.359259
0 0.763802 0.381019 0.0390625 0.178704
0 0.0135417 0.569444 0.0270833 0.281481
0 0.875781 0.409259 0.0234375 0.0722222
0 0.890365 0.406019 0.0192708 0.0601852
0 0.629167 0.435648 0.0302083 0.125
0 0.567187 0.488426 0.0635417 0.180556
0 0.0895833 0.569444 0.0958333 0.281481
0 0.958073 0.321296 0.0828125 0.225926
0 0.827604 0.477315 0.109375 0.530556
0 0.66901 0.43287 0.103646 0.382407
0 0.344792 0.490278 0.0635417 0.239815
