0 0.634115 0.549537 0.0286458 0.128704
0 0.150521 0.626852 0.101042 0.257407
0 0.557292 0.513889 0.0416667 0.127778
0 0.61849 0.439815 0.0244792 0.181481
0 0.672396 0.496759 0.0270833 0.075
0 0.659375 0.497222 0.0375 0.087037
0 0.87526 0.461574 0.0557292 0.332407
0 0.732292 0.45463 0.028125 0.127778
0 0.478906 0.473611 0.0536458 0.289815
0 0.0890625 0.581019 0.090625 0.250926
0 0.528646 0.552778 0.0760417 0.146296
0 0.808333 0.587037 0.0760417 0.15
0 0.802344 0.440741 0.0453125 0.207407
0 0.950781 0.426389 0.0786458 0.376852
0 0.60026 0.473611 0.0526042 0.306481
0 0.282292 0.462037 0.213542 0.633333
