0 0.746875 0.419907 0.030208 0.136111
0 0.983594 0.844444 0.032813 0.296296
0 0.656771 0.517593 0.044792 0.329630
0 0.731510 0.453241 0.043229 0.199074
0 0.834375 0.459259 0.029167 0.059259
0 0.788021 0.459722 0.018750 0.041667
0 0.772656 0.458796 0.026562 0.069444
0 0.542188 0.584722 0.054167 0.126852
0 0.866146 0.414352 0.082292 0.275000
0 0.690104 0.515278 0.054167 0.345370
0 0.233594 0.522222 0.088021 0.572222
0 0.599219 0.492130 0.120313 0.602778
0 0.454167 0.518056 0.063542 0.350926
0 0.887760 0.681481 0.223438 0.627778
0 0.017708 0.682870 0.034375 0.237963
