0 0.528385 0.512037 0.0432292 0.2
0 0.104948 0.653241 0.0453125 0.0861111
0 0.538802 0.467593 0.0234375 0.105556
0 0.595052 0.498148 0.0286458 0.0962963
0 0.955469 0.86713 0.0880208 0.249074
0 0.713281 0.47037 0.0234375 0.177778
0 0.953385 0.441204 0.0911458 0.363889
0 0.565885 0.544444 0.0609375 0.151852
0 0.649219 0.480556 0.0515625 0.177778
0 0.0789063 0.577778 0.0869792 0.275926
0 0.695833 0.476852 0.0364583 0.187037
0 0.795052 0.488889 0.101562 0.585185
0 0.490365 0.465278 0.0859375 0.465741
