0 0.832552 0.434722 0.0296875 0.15463
0 0.615625 0.487963 0.0260417 0.0796296
0 0.671094 0.464352 0.0171875 0.0435185
0 0.963281 0.41713 0.0734375 0.40463
0 0.584635 0.514815 0.0380208 0.125926
0 0.967188 0.323148 0.0354167 0.146296
0 0.930469 0.410648 0.0296875 0.075
0 0.684115 0.429167 0.0244792 0.126852
0 0.708594 0.467593 0.0390625 0.253704
0 0.749479 0.462963 0.0541667 0.311111
0 0.673177 0.530093 0.0484375 0.115741
0 0.795573 0.460648 0.0473958 0.182407
0 0.635417 0.531482 0.065625 0.114815
0 0.119271 0.580093 0.123958 0.25463
0 0.351302 0.480093 0.0734375 0.171296
0 0.488281 0.466667 0.122396 0.468519
0 0.242188 0.567593 0.101042 0.224074
