0 0.889844 0.419444 0.0171875 0.0759259
0 0.919271 0.411111 0.0197917 0.062963
0 0.984375 0.443056 0.03125 0.221296
0 0.00989583 0.644444 0.0197917 0.188889
0 0.69375 0.49213 0.03125 0.10463
0 0.923958 0.731019 0.151042 0.391667
0 0.798958 0.459722 0.0208333 0.136111
0 0.878125 0.415278 0.0229167 0.0916667
0 0.104167 0.382407 0.0385417 0.207407
0 0.846875 0.472222 0.0489583 0.27963
0 0.666667 0.449074 0.034375 0.209259
0 0.585938 0.456481 0.0802083 0.405556
0 0.0966146 0.56713 0.0817708 0.276852
0 0.327604 0.47963 0.0666667 0.235185
0 0.745313 0.471759 0.0729167 0.363889
