0 0.550521 0.528704 0.025 0.111111
0 0.533333 0.523611 0.0291667 0.184259
0 0.863021 0.418981 0.0208333 0.0490741
0 0.666146 0.491667 0.0270833 0.0851852
0 0.579948 0.512037 0.0411458 0.105556
0 0.722656 0.464352 0.0223958 0.125
0 0.75026 0.470833 0.0307292 0.137963
0 0.945312 0.850926 0.108333 0.287037
0 0.954427 0.410185 0.0744792 0.385185
0 0.40651 0.390278 0.268229 0.778704
0 0.911719 0.3625 0.0598958 0.184259
0 0.0747396 0.575926 0.0859375 0.275926
0 0.614844 0.485648 0.0453125 0.269444
0 0.794792 0.490741 0.075 0.481481
