0 0.492188 0.559722 0.0427083 0.100926
0 0.985417 0.822685 0.028125 0.347222
0 0.563542 0.552315 0.025 0.0898148
0 0.814583 0.433333 0.0229167 0.0574074
0 0.742708 0.487963 0.0197917 0.0592593
0 0.775521 0.450926 0.0135417 0.0574074
0 0.591667 0.464352 0.01875 0.0842593
0 0.436979 0.550463 0.0572917 0.178704
0 0.694531 0.463889 0.0401042 0.105556
0 0.570833 0.474537 0.0291667 0.102778
0 0.870052 0.438426 0.0901042 0.412037
0 0.758333 0.461574 0.0364583 0.0768519
0 0.541667 0.586574 0.0489583 0.125
0 0.61901 0.437037 0.0536458 0.135185
0 0.21875 0.536574 0.0635417 0.219444
0 0.539062 0.482407 0.0375 0.15
0 0.886979 0.682407 0.226042 0.616667
0 0.62526 0.709722 0.204688 0.539815
