0 0.0908854 0.445833 0.0213542 0.0657407
0 0.375521 0.338889 0.05 0.0981481
0 0.897396 0.412963 0.0229167 0.0611111
0 0.621094 0.548148 0.0401042 0.144444
0 0.864844 0.428704 0.0244792 0.0833333
0 0.820052 0.474537 0.0442708 0.310185
0 0.947135 0.414352 0.0973958 0.39537
0 0.623698 0.4125 0.0432292 0.134259
0 0.545313 0.50787 0.0447917 0.167593
0 0.0223958 0.531018 0.0447917 0.562037
0 0.0770833 0.570833 0.08125 0.273148
0 0.660677 0.386574 0.0432292 0.115741
0 0.578385 0.474537 0.0609375 0.323148
0 0.740885 0.476389 0.124479 0.512037
