0 0.683073 0.469907 0.0276042 0.062037
0 0.632552 0.45787 0.0307292 0.087963
0 0.861458 0.405556 0.0270833 0.105556
0 0.61901 0.508333 0.0526042 0.109259
0 0.0104167 0.648611 0.0208333 0.189815
0 0.577344 0.501389 0.0578125 0.163889
0 0.748698 0.460185 0.0276042 0.162963
0 0.101302 0.568519 0.0901042 0.275926
0 0.91276 0.500463 0.173438 0.941667
0 0.703125 0.465278 0.0302083 0.186111
0 0.672656 0.52037 0.0619792 0.114815
0 0.785677 0.463889 0.0307292 0.207407
0 0.822396 0.464352 0.0583333 0.493519
0 0.35651 0.501852 0.0848958 0.201852
