0 0.916406 0.405093 0.0203125 0.0435185
0 0.889583 0.393981 0.0229167 0.0361111
0 0.109635 0.631019 0.0630208 0.156481
0 0.009375 0.649074 0.01875 0.187037
0 0.964323 0.383333 0.0692708 0.418519
0 0.754167 0.300463 0.053125 0.202778
0 0.570573 0.413889 0.0494792 0.142593
0 0.341667 0.476852 0.0645833 0.211111
0 0.546094 0.528704 0.0484375 0.166667
0 0.0924479 0.568056 0.0828125 0.273148
0 0.675 0.464815 0.0583333 0.27963
0 0.792448 0.483796 0.111979 0.593518
0 0.241667 0.504167 0.140625 0.508333
