0 0.769792 0.463426 0.0166667 0.0805556
0 0.784115 0.452778 0.0255208 0.162963
0 0.919531 0.376389 0.0338542 0.173148
0 0.590625 0.516204 0.0395833 0.117593
0 0.869271 0.426852 0.021875 0.0555556
0 0.666146 0.499537 0.0354167 0.0972222
0 0.721875 0.472222 0.0239583 0.12963
0 0.88724 0.422222 0.0265625 0.0685185
0 0.932552 0.830556 0.133854 0.331481
0 0.423177 0.493056 0.0890625 0.365741
0 0.958594 0.472685 0.0776042 0.306481
0 0.565625 0.4625 0.040625 0.236111
0 0.811198 0.481481 0.0609375 0.32963
0 0.0825521 0.576852 0.0828125 0.272222
