0 0.677604 0.455556 0.0145833 0.0592593
0 0.827083 0.418519 0.0208333 0.116667
0 0.582552 0.387037 0.0369792 0.0592593
0 0.779167 0.478704 0.0239583 0.142593
0 0.86901 0.431019 0.0276042 0.0842593
0 0.813021 0.584722 0.0833333 0.149074
0 0.945052 0.430093 0.0796875 0.378704
0 0.899479 0.41713 0.0322917 0.0694444
0 0.81276 0.428704 0.0515625 0.214815
0 0.142188 0.631944 0.177083 0.241667
0 0.325 0.437963 0.0697917 0.324074
0 0.0869792 0.584722 0.090625 0.263889
0 0.647135 0.476389 0.0526042 0.325
0 0.517708 0.476852 0.0760417 0.357407
0 0.717969 0.473611 0.0703125 0.337963
