0 0.733854 0.442593 0.0260417 0.0611111
0 0.844271 0.47037 0.0322917 0.175926
0 0.978646 0.407407 0.0427083 0.381481
0 0.847396 0.431019 0.0260417 0.0842593
0 0.615885 0.480093 0.0203125 0.062037
0 0.599219 0.527315 0.0442708 0.126852
0 0.886719 0.4125 0.0265625 0.0916667
0 0.683594 0.432407 0.0307292 0.127778
0 0.568229 0.534722 0.0708333 0.160185
0 0.929688 0.409722 0.0291667 0.0731481
0 0.969271 0.323148 0.0364583 0.148148
0 0.677083 0.52963 0.0552083 0.118519
0 0.710677 0.465741 0.0244792 0.201852
0 0.634375 0.53287 0.0614583 0.119444
0 0.3625 0.477315 0.101042 0.213889
0 0.109896 0.570833 0.110417 0.271296
0 0.461458 0.481944 0.053125 0.360185
0 0.785677 0.430556 0.0859375 0.322222
0 0.220833 0.563889 0.136458 0.218519
