0 0.666667 0.448148 0.0270833 0.212963
0 0.983854 0.434259 0.0322917 0.203704
0 0.0104167 0.644444 0.0208333 0.188889
0 0.846875 0.469907 0.04375 0.282407
0 0.879167 0.412963 0.0239583 0.0888889
0 0.80625 0.458796 0.028125 0.158333
0 0.908073 0.405556 0.0265625 0.062963
0 0.933594 0.4 0.0296875 0.101852
0 0.922656 0.691204 0.154687 0.447222
0 0.778646 0.459259 0.0291667 0.166667
0 0.56276 0.484722 0.0619792 0.158333
0 0.741667 0.464352 0.0375 0.19537
0 0.345052 0.488426 0.0661458 0.213889
0 0.0981771 0.567593 0.0817708 0.275926
0 0.691927 0.461111 0.0598958 0.292593
