0 0.986719 0.516204 0.0265625 0.0694444
0 0.679688 0.451389 0.025 0.191667
0 0.909115 0.407407 0.0192708 0.0592593
0 0.611198 0.500463 0.0484375 0.108333
0 0.0104167 0.643519 0.0208333 0.188889
0 0.87474 0.414815 0.0244792 0.0888889
0 0.559635 0.493981 0.0578125 0.182407
0 0.844271 0.471296 0.0447917 0.281481
0 0.698438 0.466204 0.0333333 0.19537
0 0.346354 0.483796 0.0645833 0.234259
0 0.908854 0.7 0.182292 0.442593
0 0.739844 0.462963 0.0536458 0.314815
0 0.792448 0.462963 0.0494792 0.274074
0 0.101302 0.575463 0.103646 0.267593
0 0.430729 0.450926 0.101042 0.474074
