0 0.627344 0.381019 0.0151042 0.0712963
0 0.742969 0.340278 0.0911458 0.137963
0 0.523698 0.447222 0.0307292 0.0740741
0 0.653125 0.495833 0.0229167 0.0768519
0 0.929948 0.364815 0.0526042 0.205556
0 0.939844 0.85463 0.119271 0.283333
0 0.984896 0.500926 0.0302083 0.227778
0 0.642708 0.528704 0.04375 0.0962963
0 0.671094 0.494444 0.0265625 0.0851852
0 0.734635 0.490278 0.133854 0.439815
0 0.0802083 0.578241 0.0864583 0.275
0 0.577865 0.433796 0.0994792 0.365741
0 0.209375 0.468056 0.164583 0.713889
