0 0.583594 0.522222 0.0411458 0.12037
0 0.670573 0.483333 0.0265625 0.0648148
0 0.705729 0.476389 0.0395833 0.236111
0 0.659115 0.496759 0.0348958 0.087963
0 0.484635 0.474074 0.0515625 0.294444
0 0.541667 0.499074 0.059375 0.168519
0 0.739323 0.478704 0.0640625 0.268519
0 0.810156 0.586574 0.0796875 0.149074
0 0.86875 0.375926 0.0979167 0.211111
0 0.95 0.426389 0.0802083 0.376852
0 0.526823 0.551852 0.0796875 0.15
0 0.155208 0.622222 0.103125 0.264815
0 0.802604 0.4375 0.040625 0.202778
0 0.0882813 0.575 0.0932292 0.261111
0 0.291667 0.482407 0.198958 0.592593
0 0.616927 0.477315 0.0546875 0.302778
