0 0.605469 0.510185 0.0317708 0.0944444
0 0.694271 0.375 0.021875 0.0388889
0 0.627604 0.489815 0.0364583 0.112963
0 0.571354 0.506944 0.0427083 0.152778
0 0.926302 0.406481 0.0255208 0.062963
0 0.8875 0.414815 0.028125 0.0888889
0 0.709115 0.469907 0.0848958 0.284259
0 0.85625 0.410185 0.0385417 0.107407
0 0.966667 0.415278 0.0666667 0.356481
0 0.642969 0.425 0.0411458 0.116667
0 0.415885 0.498611 0.284896 0.991667
0 0.795833 0.456944 0.090625 0.563889
0 0.11224 0.481944 0.0973958 0.580556
0 0.194792 0.468056 0.116667 0.571296
