0 0.810938 0.388889 0.0375 0.12963
0 0.867708 0.556944 0.071875 0.215741
0 0.539323 0.494907 0.0421875 0.15463
0 0.865104 0.412037 0.021875 0.0388889
0 0.614323 0.439352 0.0296875 0.108333
0 0.840885 0.424537 0.0234375 0.0398148
0 0.946875 0.409259 0.0947917 0.37963
0 0.626562 0.547222 0.0479167 0.135185
0 0.516667 0.54213 0.0645833 0.165741
0 0.745313 0.47037 0.114583 0.511111
0 0.48125 0.461111 0.0833333 0.292593
0 0.633854 0.430093 0.034375 0.169444
0 0.580469 0.549537 0.0682292 0.152778
0 0.090625 0.578241 0.0916667 0.263889
0 0.204427 0.498611 0.0744792 0.489815
0 0.341406 0.417593 0.0630208 0.275926
