0 0.613281 0.450463 0.015104 0.062037
0 0.964323 0.895833 0.070312 0.197222
0 0.786719 0.472685 0.016146 0.062037
0 0.629687 0.520833 0.047917 0.191667
0 0.741406 0.465741 0.025521 0.096296
0 0.769271 0.465741 0.017708 0.072222
0 0.028646 0.679630 0.056250 0.337037
0 0.209896 0.510648 0.063542 0.171296
0 0.500781 0.433333 0.044271 0.166667
0 0.855469 0.400000 0.097396 0.266667
0 0.683594 0.513426 0.078646 0.619444
0 0.420833 0.515278 0.147917 0.558333
0 0.891927 0.673611 0.215104 0.641667
0 0.119010 0.529167 0.166146 0.906481
