0 0.730469 0.427315 0.0421875 0.0657407
0 0.952344 0.711574 0.0953125 0.567593
0 0.68151 0.457407 0.0213542 0.0703704
0 0.952604 0.866204 0.0947917 0.247222
0 0.727083 0.472685 0.0489583 0.15463
0 0.541927 0.497685 0.0505208 0.113889
0 0.581771 0.514352 0.040625 0.102778
0 0.668229 0.491204 0.0354167 0.0861111
0 0.872917 0.422685 0.0166667 0.037963
0 0.860937 0.416667 0.0166667 0.0518519
0 0.940104 0.443056 0.0520833 0.371296
0 0.552344 0.551389 0.0796875 0.143519
0 0.0786458 0.579167 0.0916667 0.271296
0 0.776563 0.491204 0.071875 0.526852
