0 0.671354 0.493981 0.0229167 0.087963
0 0.678646 0.461111 0.01875 0.0703704
0 0.867448 0.426852 0.0192708 0.0833333
0 0.816406 0.581944 0.0911458 0.15463
0 0.944792 0.419907 0.0989583 0.375
0 0.798437 0.471296 0.0260417 0.118519
0 0.838542 0.419444 0.046875 0.124074
0 0.54974 0.445833 0.0567708 0.199074
0 0.717188 0.469444 0.0270833 0.235185
0 0.503385 0.536111 0.0661458 0.161111
0 0.321875 0.42037 0.0635417 0.3
0 0.0872396 0.5875 0.0848958 0.25463
0 0.750521 0.472222 0.0572917 0.342593
0 0.640104 0.468981 0.059375 0.334259
0 0.165365 0.633796 0.128646 0.234259
