0 0.975521 0.588426 0.0479167 0.371296
0 0.929948 0.413426 0.0203125 0.0546296
0 0.779688 0.472685 0.01875 0.10463
0 0.882292 0.416667 0.0197917 0.0518519
0 0.946875 0.450926 0.0229167 0.107407
0 0.591667 0.512963 0.0510417 0.107407
0 0.803646 0.463426 0.015625 0.0601852
0 0.789844 0.475 0.0161458 0.0962963
0 0.939844 0.861574 0.120312 0.269444
0 0.555469 0.500926 0.0942708 0.175926
0 0.670052 0.470833 0.0338542 0.208333
0 0.0841146 0.586111 0.0807292 0.255556
0 0.736979 0.487037 0.145833 0.442593
0 0.835417 0.459722 0.0885417 0.425
0 0.0315104 0.468056 0.0630208 0.673148
0 0.179167 0.466667 0.15 0.416667
