0 0.135677 0.629167 0.0369792 0.110185
0 0.679688 0.493056 0.0302083 0.0990741
0 0.696615 0.433333 0.0317708 0.15
0 0.616146 0.502778 0.0572917 0.118519
0 0.926562 0.413426 0.0208333 0.075
0 0.966406 0.394444 0.0661458 0.407407
0 0.558594 0.494444 0.0453125 0.177778
0 0.865365 0.416204 0.0255208 0.087963
0 0.8 0.457407 0.0916667 0.564815
0 0.646094 0.459259 0.0473958 0.17963
0 0.885417 0.415278 0.0291667 0.0916667
0 0.340104 0.472222 0.0614583 0.22037
0 0.102865 0.576389 0.0932292 0.269444
0 0.158073 0.477315 0.156771 0.778704
