0 0.966667 0.597222 0.0666667 0.790741
0 0.623958 0.530556 0.0395833 0.0888889
0 0.585156 0.541667 0.0484375 0.166667
0 0.897135 0.453241 0.0140625 0.0416667
0 0.711458 0.509722 0.040625 0.208333
0 0.910156 0.458796 0.0140625 0.0324074
0 0.1 0.599074 0.0854167 0.283333
0 0.969531 0.824537 0.0598958 0.337963
0 0.965885 0.314352 0.0671875 0.215741
0 0.884115 0.453241 0.0276042 0.0842593
0 0.678646 0.57037 0.0552083 0.127778
0 0.161979 0.493981 0.0927083 0.623148
0 0.674479 0.45787 0.0333333 0.136111
0 0.838281 0.511111 0.0411458 0.327778
0 0.354948 0.522222 0.0609375 0.224074
0 0.783073 0.499537 0.0994792 0.586111
