0 0.846094 0.714352 0.166146 0.469444
0 0.61875 0.411111 0.0645833 0.137037
0 0.564583 0.447222 0.0447917 0.109259
0 0.517708 0.418519 0.0416667 0.137037
0 0.445052 0.486111 0.0307292 0.190741
0 0.488281 0.441667 0.0713542 0.240741
0 0.683333 0.513426 0.0885417 0.563889
0 0.386719 0.480556 0.0796875 0.357407
0 0.773958 0.440278 0.0520833 0.132407
0 0.0776042 0.497222 0.154167 0.987037
0 0.875781 0.381481 0.0828125 0.268519
0 0.296615 0.521296 0.0890625 0.42963
0 0.447656 0.7375 0.499479 0.506481
