0 0.919792 0.396759 0.0114583 0.0324074
0 0.818229 0.462037 0.0229167 0.216667
0 0.888281 0.41713 0.0182292 0.0805556
0 0.0104167 0.64537 0.0208333 0.185185
0 0.906771 0.412963 0.0322917 0.0777778
0 0.873698 0.413889 0.0234375 0.0888889
0 0.844792 0.47037 0.0447917 0.283333
0 0.955469 0.396759 0.0890625 0.339815
0 0.602604 0.4625 0.0510417 0.334259
0 0.935938 0.690741 0.128125 0.457407
0 0.346354 0.483796 0.065625 0.236111
0 0.101302 0.574074 0.103646 0.268519
0 0.785677 0.468519 0.0661458 0.412963
0 0.669271 0.429167 0.0895833 0.35463
