0 0.841146 0.440741 0.0208333 0.0425926
0 0.832552 0.440278 0.0192708 0.0490741
0 0.585417 0.517593 0.0447917 0.109259
0 0.654167 0.496759 0.0270833 0.0861111
0 0.247917 0.49537 0.232292 0.990741
0 0.752344 0.470833 0.0380208 0.134259
0 0.797135 0.468981 0.0203125 0.10463
0 0.86224 0.428241 0.0182292 0.0712963
0 0.0682292 0.574074 0.0572917 0.266667
0 0.695312 0.476389 0.04375 0.193519
0 0.529948 0.468981 0.0432292 0.308333
0 0.915104 0.497222 0.167708 0.983333
0 0.433854 0.471296 0.0677083 0.425926
0 0.631771 0.473611 0.0510417 0.293519
