0 0.54974 0.598611 0.0484375 0.282407
0 0.697396 0.52963 0.0229167 0.0851852
0 0.920052 0.851852 0.158854 0.283333
0 0.483333 0.610185 0.0385417 0.0981481
0 0.689583 0.587037 0.034375 0.131481
0 0.416146 0.618056 0.0520833 0.158333
0 0.752865 0.536574 0.0390625 0.0990741
0 0.572656 0.596296 0.0953125 0.553704
0 0.0351562 0.69213 0.0703125 0.221296
0 0.453125 0.831481 0.320833 0.32963
0 0.844792 0.4625 0.090625 0.284259
0 0.202344 0.627315 0.0640625 0.243519
0 0.659896 0.603704 0.102083 0.605556
