0 0.0492188 0.348611 0.0984375 0.686111
0 0.977083 0.280093 0.0302083 0.0694444
0 0.916927 0.403704 0.0296875 0.0796296
0 0.0598958 0.180556 0.0614583 0.344444
0 0.967448 0.427778 0.0640625 0.35
0 0.644792 0.435648 0.015625 0.0898148
0 0.814583 0.466667 0.025 0.140741
0 0.107552 0.582407 0.0932292 0.255556
0 0.866146 0.369907 0.0489583 0.173148
0 0.688281 0.468519 0.0348958 0.190741
0 0.577604 0.497222 0.179167 0.990741
0 0.800521 0.465278 0.160417 0.617593
0 0.340625 0.480556 0.177083 0.846296
