0 0.873177 0.436574 0.0161458 0.025
0 0.690365 0.483796 0.0359375 0.0916667
0 0.0104167 0.647222 0.0208333 0.192593
0 0.627344 0.453241 0.0380208 0.0731481
0 0.608594 0.502778 0.0421875 0.0944444
0 0.74974 0.459259 0.0244792 0.168519
0 0.66901 0.51713 0.0713542 0.117593
0 0.0992187 0.566667 0.0859375 0.268519
0 0.571615 0.490278 0.0463542 0.171296
0 0.819531 0.460648 0.0619792 0.497222
0 0.726562 0.462037 0.0395833 0.192593
0 0.914583 0.548611 0.169792 0.662037
0 0.470052 0.419907 0.145313 0.689815
