0 0.966146 0.594907 0.0666667 0.369444
0 0.584896 0.513426 0.040625 0.102778
0 0.671615 0.445833 0.0213542 0.0824074
0 0.732813 0.424537 0.0364583 0.0638889
0 0.539323 0.513426 0.0515625 0.165741
0 0.732552 0.469907 0.0380208 0.152778
0 0.957292 0.868056 0.084375 0.250926
0 0.940365 0.381481 0.0494792 0.246296
0 0.876302 0.424074 0.0171875 0.0333333
0 0.66849 0.493981 0.0359375 0.0842593
0 0.861458 0.418981 0.01875 0.0472222
0 0.552865 0.549074 0.0848958 0.148148
0 0.778125 0.49213 0.071875 0.525
0 0.0786458 0.578704 0.0916667 0.274074
