0 0.84375 0.435648 0.0229167 0.0712963
0 0.584635 0.51713 0.0276042 0.132407
0 0.96276 0.409722 0.0640625 0.358333
0 0.609635 0.501389 0.0369792 0.0935185
0 0.983333 0.406019 0.0333333 0.386111
0 0.683854 0.433796 0.0291667 0.125
0 0.935156 0.415278 0.0307292 0.0657407
0 0.653906 0.529167 0.101562 0.126852
0 0.885677 0.410648 0.0255208 0.0953704
0 0.73125 0.48287 0.03125 0.130556
0 0.528125 0.430093 0.10625 0.441667
0 0.1 0.569444 0.0916667 0.277778
0 0.239063 0.560648 0.103125 0.217593
0 0.797656 0.434259 0.0901042 0.366667
0 0.378125 0.498611 0.257292 0.99537
