0 0.495313 0.573611 0.0625 0.160185
0 0.844792 0.441667 0.0197917 0.0481481
0 0.596354 0.512963 0.0541667 0.17963
0 0.686979 0.360648 0.0395833 0.182407
0 0.9 0.416667 0.0260417 0.0796296
0 0.613542 0.476852 0.0604167 0.316667
0 0.86901 0.426389 0.0265625 0.0824074
0 0.820312 0.474074 0.046875 0.307407
0 0.0221354 0.493519 0.0442708 0.65
0 0.95 0.418981 0.0989583 0.423148
0 0.544531 0.503704 0.0557292 0.181481
0 0.745833 0.477315 0.110417 0.506481
0 0.453125 0.491204 0.134375 0.534259
0 0.0854167 0.573611 0.09375 0.263889
