0 0.152083 0.630556 0.105208 0.246296
0 0.58099 0.518056 0.0390625 0.0990741
0 0.763542 0.466204 0.0229167 0.0898148
0 0.541667 0.498611 0.0552083 0.171296
0 0.731771 0.456944 0.0322917 0.136111
0 0.879687 0.38287 0.0625 0.189815
0 0.81276 0.59213 0.0765625 0.137963
0 0.484115 0.474074 0.0546875 0.292593
0 0.803385 0.446296 0.0442708 0.224074
0 0.525781 0.55 0.0755208 0.15
0 0.95026 0.424074 0.0817708 0.372222
0 0.611979 0.474537 0.0520833 0.312037
0 0.0877604 0.579167 0.0901042 0.256481
0 0.659896 0.475 0.065625 0.362963
0 0.297656 0.465278 0.191146 0.613889
