0 0.754687 0.396759 0.0375 0.0583333
0 0.843229 0.430556 0.0270833 0.0907407
0 0.665885 0.432407 0.0171875 0.0722222
0 0.835938 0.390741 0.0177083 0.05
0 0.746875 0.404167 0.0208333 0.0453704
0 0.76849 0.385648 0.0276042 0.0601852
0 0.797396 0.411574 0.0135417 0.0416667
0 0.723177 0.421296 0.0255208 0.0481481
0 0.685156 0.449537 0.0213542 0.100926
0 0.697656 0.421759 0.0130208 0.0527778
0 0.591406 0.410185 0.0276042 0.062963
0 0.615625 0.449537 0.0239583 0.15463
0 0.916927 0.450463 0.0901042 0.247222
0 0.428906 0.425 0.144271 0.52037
