0 0.868229 0.433333 0.0145833 0.037037
0 0.759896 0.45 0.0333333 0.17037
0 0.839063 0.410648 0.021875 0.106481
0 0.461458 0.403241 0.04375 0.225
0 0.966406 0.322222 0.0348958 0.146296
0 0.965625 0.413889 0.06875 0.398148
0 0.733333 0.447222 0.0239583 0.0759259
0 0.711979 0.425 0.0260417 0.125926
0 0.929167 0.412037 0.0302083 0.0703704
0 0.341146 0.473148 0.059375 0.2
0 0.10625 0.575926 0.10625 0.262963
0 0.784115 0.463889 0.0776042 0.255556
0 0.221354 0.560185 0.136458 0.211111
0 0.491406 0.468056 0.121354 0.463889
0 0.658854 0.45787 0.113542 0.497222
