0 0.841146 0.413426 0.0166667 0.0509259
0 0.407031 0.446296 0.0880208 0.0740741
0 0.653385 0.496296 0.0234375 0.0851852
0 0.984896 0.510648 0.0302083 0.200926
0 0.732813 0.333333 0.105208 0.162963
0 0.940104 0.823611 0.11875 0.343519
0 0.545052 0.493519 0.0744792 0.164815
0 0.670052 0.493981 0.0265625 0.0861111
0 0.640365 0.529167 0.0473958 0.0953704
0 0.73125 0.480556 0.129167 0.459259
0 0.935156 0.443519 0.0526042 0.364815
0 0.809896 0.475 0.0666667 0.401852
0 0.08125 0.578241 0.0885417 0.275
