0 0.877865 0.430556 0.00989583 0.0277778
0 0.835417 0.382407 0.046875 0.196296
0 0.840625 0.351852 0.0291667 0.140741
0 0.586198 0.521296 0.0338542 0.0962963
0 0.882552 0.577315 0.0588542 0.0935185
0 0.895052 0.420833 0.0276042 0.0601852
0 0.511198 0.556944 0.0765625 0.141667
0 0.597656 0.479167 0.0286458 0.0953704
0 0.948958 0.413426 0.0927083 0.393519
0 0.728125 0.396296 0.0822917 0.346296
0 0.866927 0.425926 0.0213542 0.0777778
0 0.621875 0.544444 0.0520833 0.138889
0 0.797135 0.504167 0.124479 0.591667
0 0.0346354 0.4875 0.0692708 0.725
0 0.0888021 0.575463 0.0828125 0.263889
0 0.545052 0.491667 0.0765625 0.342593
