0 0.619531 0.523611 0.0526042 0.113889
0 0.916146 0.41713 0.028125 0.0509259
0 0.991927 0.359259 0.0161458 0.0574074
0 0.889583 0.41713 0.0166667 0.075
0 0.563542 0.5125 0.0479167 0.108333
0 0.815625 0.458796 0.0208333 0.130556
0 0.0101562 0.647685 0.0203125 0.180556
0 0.79974 0.44537 0.0244792 0.142593
0 0.876823 0.416204 0.0213542 0.0898148
0 0.697396 0.487037 0.0375 0.0925926
0 0.846354 0.470833 0.04375 0.284259
0 0.101302 0.571296 0.0994792 0.27037
0 0.926562 0.648148 0.146875 0.540741
0 0.344792 0.490278 0.0666667 0.215741
0 0.666406 0.450463 0.0348958 0.206481
0 0.761979 0.459259 0.0583333 0.311111
0 0.519271 0.466667 0.0739583 0.438889
