0 0.663542 0.365741 0.0177083 0.0444444
0 0.983594 0.438889 0.0328125 0.212963
0 0.801823 0.459259 0.0192708 0.135185
0 0.0104167 0.643056 0.0208333 0.191667
0 0.6125 0.50787 0.0520833 0.125
0 0.922135 0.694444 0.154687 0.448148
0 0.877344 0.414815 0.0234375 0.0925926
0 0.905729 0.413889 0.0333333 0.0740741
0 0.779948 0.456944 0.0442708 0.234259
0 0.684375 0.464815 0.0958333 0.353704
0 0.845833 0.468981 0.0427083 0.286111
0 0.345052 0.484259 0.0661458 0.22963
0 0.0976562 0.56713 0.0817708 0.276852
0 0.543229 0.454167 0.0864583 0.508333
