0 0.981771 0.57963 0.0364583 0.192593
0 0.773958 0.47037 0.0135417 0.107407
0 0.96875 0.516667 0.0625 0.361111
0 0.585938 0.512963 0.0479167 0.109259
0 0.677604 0.456481 0.0177083 0.0648148
0 0.785156 0.472222 0.0151042 0.103704
0 0.665625 0.496296 0.0375 0.0888889
0 0.905208 0.430093 0.0239583 0.0638889
0 0.8 0.472222 0.0177083 0.101852
0 0.944271 0.787963 0.110417 0.416667
0 0.550781 0.477778 0.0546875 0.233333
0 0.607292 0.456481 0.0364583 0.153704
0 0.758594 0.472685 0.0244792 0.117593
0 0.0742188 0.575926 0.0651042 0.275926
0 0.704427 0.474537 0.0348958 0.169444
