0 0.721615 0.492593 0.0588542 0.238889
0 0.835938 0.353241 0.0645833 0.160185
0 0.697396 0.376852 0.0135417 0.0444444
0 0.834375 0.481944 0.0666667 0.389815
0 0.111979 0.606019 0.04375 0.113889
0 0.0752604 0.571759 0.0723958 0.289815
0 0.0236979 0.471296 0.0463542 0.45
0 0.639583 0.440741 0.040625 0.316667
0 0.557031 0.492593 0.0484375 0.17037
0 0.839844 0.360185 0.0276042 0.0481481
0 0.950781 0.806481 0.0973958 0.381481
0 0.722656 0.384722 0.0536458 0.113889
0 0.691667 0.461111 0.0302083 0.192593
0 0.344271 0.48287 0.0604167 0.237963
0 0.788021 0.47037 0.0947917 0.57963
0 0.936458 0.375 0.125 0.259259
0 0.614323 0.464352 0.0838542 0.380556
