0 0.517448 0.468519 0.0682292 0.203704
0 0.492969 0.473148 0.0463542 0.288889
0 0.605469 0.4 0.0411458 0.109259
0 0.824219 0.425 0.0182292 0.111111
0 0.947917 0.426389 0.08125 0.371296
0 0.811198 0.422222 0.0536458 0.205556
0 0.89974 0.422222 0.0307292 0.0574074
0 0.536198 0.461111 0.0328125 0.116667
0 0.853646 0.429167 0.040625 0.0861111
0 0.814583 0.58287 0.0885417 0.150926
0 0.509635 0.548148 0.0713542 0.153704
0 0.650521 0.471759 0.0520833 0.334259
0 0.335156 0.463426 0.0796875 0.19537
0 0.0901042 0.582407 0.09375 0.259259
0 0.163802 0.626389 0.130729 0.250926
0 0.702344 0.470833 0.0807292 0.391667
