0 0.678646 0.458796 0.015625 0.0694444
0 0.851302 0.428704 0.0203125 0.0351852
0 0.665104 0.498611 0.034375 0.0935185
0 0.830469 0.437963 0.0234375 0.0759259
0 0.959115 0.751389 0.0807292 0.482407
0 0.627604 0.463889 0.0479167 0.166667
0 0.758073 0.472222 0.0244792 0.118519
0 0.961979 0.4375 0.0729167 0.236111
0 0.905208 0.430093 0.021875 0.0675926
0 0.559635 0.51713 0.0848958 0.156481
0 0.795313 0.472685 0.0427083 0.223148
0 0.45625 0.47963 0.11875 0.396296
0 0.0828125 0.580556 0.0822917 0.266667
