0 0.603906 0.506019 0.0380208 0.0805556
0 0.736719 0.484722 0.0192708 0.119444
0 0.907292 0.400926 0.034375 0.103704
0 0.773958 0.452315 0.04375 0.152778
0 0.633594 0.480556 0.0369792 0.133333
0 0.871875 0.419444 0.0447917 0.0796296
0 0.015625 0.647685 0.03125 0.189815
0 0.959896 0.439815 0.0791667 0.87963
0 0.571354 0.487963 0.0520833 0.159259
0 0.370833 0.473611 0.05625 0.163889
0 0.302604 0.446759 0.125 0.599074
0 0.0994792 0.566204 0.084375 0.267593
0 0.821875 0.463426 0.0708333 0.499074
0 0.686198 0.477315 0.104687 0.423148
