0 0.872917 0.41713 0.0447917 0.0842593
0 0.855729 0.424537 0.0208333 0.0861111
0 0.944531 0.389815 0.0119792 0.0185185
0 0.81224 0.427778 0.0182292 0.062963
0 0.794792 0.437037 0.0145833 0.05
0 0.779948 0.449537 0.0151042 0.0953704
0 0.553646 0.444444 0.0364583 0.0759259
0 0.786458 0.48287 0.0166667 0.0675926
0 0.886458 0.394444 0.0177083 0.0351852
0 0.923958 0.410185 0.0239583 0.0833333
0 0.691667 0.482407 0.0322917 0.0888889
0 0.835417 0.463426 0.0270833 0.136111
0 0.123958 0.4625 0.247917 0.917593
0 0.544531 0.522685 0.0526042 0.165741
0 0.764844 0.456481 0.0213542 0.127778
0 0.965104 0.368519 0.05 0.253704
0 0.355729 0.503241 0.0833333 0.200926
