0 0.839583 0.395833 0.0260417 0.0787037
0 0.944531 0.339352 0.0380208 0.212037
0 0.819271 0.450926 0.0229167 0.116667
0 0.926823 0.571296 0.0484375 0.0944444
0 0.969271 0.384722 0.0604167 0.358333
0 0.0104167 0.65 0.0208333 0.187037
0 0.691927 0.48287 0.0307292 0.087963
0 0.847917 0.430556 0.03125 0.0777778
0 0.888021 0.419444 0.0260417 0.0759259
0 0.536719 0.531482 0.0640625 0.161111
0 0.35599 0.503241 0.0838542 0.200926
0 0.104427 0.572222 0.0953125 0.274074
0 0.7625 0.462037 0.078125 0.325926
