0 0.692187 0.469444 0.0229167 0.0592593
0 0.603906 0.501389 0.0338542 0.0916667
0 0.93099 0.423148 0.0244792 0.05
0 0.635156 0.473148 0.0421875 0.116667
0 0.882552 0.401389 0.0369792 0.113889
0 0.0106771 0.644907 0.0213542 0.197222
0 0.522396 0.472222 0.0666667 0.374074
0 0.758333 0.452315 0.065625 0.237963
0 0.573438 0.488889 0.0479167 0.172222
0 0.715365 0.462037 0.0307292 0.190741
0 0.669531 0.512037 0.0713542 0.138889
0 0.94974 0.45463 0.100521 0.909259
0 0.820312 0.462963 0.0697917 0.498148
0 0.103385 0.574074 0.0932292 0.262963
0 0.363542 0.494907 0.383333 0.989815
