0 0.880729 0.40787 0.015625 0.0675926
0 0.898698 0.413889 0.0140625 0.037037
0 0.736458 0.395833 0.0520833 0.126852
0 0.796615 0.427778 0.0776042 0.468519
0 0.670573 0.526852 0.0515625 0.131481
0 0.704948 0.460648 0.0328125 0.186111
0 0.795833 0.60463 0.113542 0.3
0 0.56849 0.49213 0.0442708 0.176852
0 0.622135 0.50787 0.0505208 0.121296
0 0.355729 0.455556 0.0416667 0.17037
0 0.959635 0.814352 0.0807292 0.356481
0 0.84974 0.399074 0.0515625 0.142593
0 0.638281 0.429167 0.0296875 0.125
0 0.948177 0.37037 0.100521 0.253704
0 0.732813 0.457407 0.059375 0.255556
0 0.669271 0.431019 0.0354167 0.158333
