0 0.554167 0.49537 0.0322917 0.161111
0 0.148698 0.61713 0.0953125 0.269444
0 0.0796875 0.574537 0.0645833 0.258333
0 0.484115 0.44537 0.0453125 0.238889
0 0.819792 0.584722 0.0979167 0.150926
0 0.582552 0.457407 0.0432292 0.224074
0 0.955208 0.434722 0.065625 0.358333
0 0.851302 0.431481 0.0244792 0.0666667
0 0.875781 0.430556 0.0286458 0.0777778
0 0.524479 0.548611 0.078125 0.15463
0 0.804948 0.431481 0.0453125 0.22037
0 0.726042 0.46713 0.0791667 0.315741
0 0.283073 0.466204 0.217187 0.628704
0 0.616406 0.476852 0.0588542 0.303704
