0 0.917708 0.577315 0.073958 0.093519
0 0.626563 0.545370 0.041667 0.135185
0 0.857552 0.416667 0.047396 0.096296
0 0.840625 0.302778 0.034375 0.105556
0 0.901042 0.423611 0.034375 0.065741
0 0.675000 0.407407 0.034375 0.059259
0 0.968750 0.397685 0.062500 0.393519
0 0.720833 0.356019 0.060417 0.271296
0 0.195573 0.459259 0.118229 0.655556
0 0.545833 0.506481 0.054167 0.177778
0 0.615365 0.422222 0.042188 0.138889
0 0.428125 0.469444 0.093750 0.427778
0 0.796875 0.493519 0.107292 0.674074
0 0.032292 0.281481 0.063542 0.561111
