0 0.68125 0.476389 0.0208333 0.075
0 0.967708 0.418056 0.0645833 0.337963
0 0.947917 0.403241 0.0166667 0.0453704
0 0.860417 0.399074 0.0302083 0.131481
0 0.697135 0.45787 0.0369792 0.197222
0 0.6625 0.466667 0.03125 0.218519
0 0.888281 0.425463 0.0276042 0.0675926
0 0.580469 0.503704 0.0682292 0.151852
0 0.35651 0.485185 0.0786458 0.166667
0 0.636719 0.469444 0.0473958 0.25
0 0.445573 0.475926 0.0609375 0.359259
0 0.1 0.575 0.09375 0.27037
0 0.815885 0.470833 0.0723958 0.473148
0 0.754427 0.460648 0.0744792 0.34537
0 0.198958 0.609722 0.127083 0.282407
