0 0.669792 0.456944 0.0197917 0.0546296
0 0.732031 0.325463 0.0921875 0.152778
0 0.814583 0.42037 0.0229167 0.105556
0 0.88099 0.399074 0.0328125 0.0814815
0 0.802344 0.463889 0.0171875 0.0722222
0 0.909375 0.322685 0.0458333 0.150926
0 0.939323 0.855556 0.120312 0.285185
0 0.786719 0.480556 0.0151042 0.087037
0 0.667969 0.493981 0.0359375 0.0842593
0 0.729688 0.477315 0.128125 0.463889
0 0.93776 0.410648 0.102604 0.382407
0 0.05625 0.466667 0.111458 0.816667
0 0.559375 0.454167 0.0958333 0.410185
0 0.177604 0.468981 0.146875 0.412037
0 0.45625 0.39537 0.184375 0.62963
