0 0.715365 0.450463 0.0109375 0.0268519
0 0.861458 0.42963 0.0145833 0.0277778
0 0.102604 0.625926 0.0333333 0.137037
0 0.914062 0.397222 0.0572917 0.188889
0 0.588542 0.513889 0.0666667 0.111111
0 0.96224 0.466667 0.0640625 0.274074
0 0.940885 0.851389 0.117188 0.289815
0 0.6625 0.493519 0.0395833 0.0814815
0 0.541667 0.493056 0.071875 0.162037
0 0.0869792 0.557407 0.0729167 0.196296
0 0.822135 0.421296 0.0307292 0.0740741
0 0.797135 0.481481 0.0473958 0.290741
0 0.171354 0.600926 0.0979167 0.301852
