0 0.840885 0.451852 0.0171875 0.0777778
0 0.976302 0.522685 0.0473958 0.419444
0 0.983333 0.40463 0.0333333 0.190741
0 0.794531 0.443056 0.0161458 0.062037
0 0.91901 0.589815 0.160938 0.525926
0 0.821094 0.452778 0.0192708 0.118519
0 0.638281 0.45787 0.0463542 0.0805556
0 0.0528646 0.538426 0.105729 0.906482
0 0.0882813 0.472222 0.0411458 0.0833333
0 0.57474 0.487963 0.0442708 0.162963
0 0.892708 0.424537 0.034375 0.0694444
0 0.447396 0.497222 0.219792 0.994444
0 0.302083 0.458333 0.161458 0.916667
0 0.686979 0.715278 0.248958 0.55463
