0 0.892187 0.450926 0.0177083 0.0666667
0 0.76849 0.504167 0.0536458 0.25463
0 0.671354 0.410648 0.0239583 0.0435185
0 0.670573 0.433333 0.0265625 0.0888889
0 0.882031 0.451852 0.0213542 0.0740741
0 0.808333 0.501852 0.021875 0.12037
0 0.970312 0.836574 0.0583333 0.315741
0 0.629427 0.556019 0.0432292 0.139815
0 0.958333 0.389815 0.0833333 0.27963
0 0.848958 0.499074 0.0645833 0.285185
0 0.102865 0.601389 0.0921875 0.282407
0 0.713021 0.501852 0.0885417 0.372222
0 0.3375 0.497222 0.347917 0.990741
