0 0.674219 0.46713 0.0213542 0.087963
0 0.661458 0.496759 0.0322917 0.0861111
0 0.539844 0.496296 0.0536458 0.159259
0 0.588021 0.483796 0.0385417 0.191667
0 0.817708 0.586574 0.09375 0.147222
0 0.484635 0.475926 0.0453125 0.294444
0 0.877865 0.434259 0.0307292 0.0722222
0 0.530208 0.548148 0.0822917 0.157407
0 0.847917 0.428241 0.03125 0.0861111
0 0.80599 0.427778 0.0484375 0.216667
0 0.95026 0.427315 0.0796875 0.376852
0 0.151302 0.624074 0.102604 0.261111
0 0.0807292 0.573611 0.109375 0.265741
0 0.75599 0.475 0.0598958 0.312963
0 0.619531 0.476389 0.0515625 0.30463
0 0.292708 0.469907 0.2 0.606481
