0 0.334115 0.540278 0.0369792 0.143519
0 0.675521 0.524537 0.0583333 0.126852
0 0.590104 0.50463 0.053125 0.151852
0 0.802083 0.428704 0.0239583 0.118519
0 0.922656 0.406944 0.0255208 0.0583333
0 0.970573 0.424537 0.0588542 0.378704
0 0.761458 0.443519 0.0458333 0.17963
0 0.340365 0.474074 0.0755208 0.175926
0 0.634896 0.532407 0.065625 0.12037
0 0.721354 0.463889 0.0364583 0.211111
0 0.678906 0.433333 0.0359375 0.140741
0 0.834896 0.458796 0.05625 0.463889
0 0.248698 0.555093 0.0713542 0.230556
0 0.495573 0.463426 0.115104 0.537963
