0 0.722656 0.451852 0.0244792 0.0907407
0 0.684115 0.454167 0.0328125 0.102778
0 0.65026 0.525 0.0192708 0.0907407
0 0.646354 0.565278 0.0333333 0.163889
0 0.759896 0.460648 0.0229167 0.0805556
0 0.490625 0.566204 0.0458333 0.108333
0 0.789583 0.453704 0.025 0.105556
0 0.689844 0.515278 0.0640625 0.219444
0 0.860937 0.412037 0.078125 0.268519
0 0.73776 0.47037 0.0276042 0.0944444
0 0.508854 0.49213 0.0364583 0.0861111
0 0.0291667 0.649074 0.0572917 0.396296
0 0.217448 0.529167 0.0619792 0.20463
0 0.398698 0.516204 0.119271 0.630556
0 0.882552 0.681019 0.232812 0.630556
0 0.608854 0.523148 0.179167 0.942593
