0 0.811719 0.399537 0.0234375 0.062037
0 0.583854 0.490741 0.0395833 0.144444
0 0.766927 0.468981 0.0192708 0.117593
0 0.91875 0.34213 0.0416667 0.252778
0 0.665885 0.460185 0.0151042 0.0574074
0 0.588281 0.466204 0.0223958 0.0953704
0 0.971615 0.844444 0.0567708 0.296296
0 0.549479 0.497685 0.0875 0.163889
0 0.952344 0.463889 0.0953125 0.711111
0 0.659115 0.49537 0.0359375 0.0851852
0 0.753906 0.470833 0.0359375 0.121296
0 0.84974 0.394444 0.0442708 0.1
0 0.451823 0.471759 0.0744792 0.413889
0 0.898438 0.360648 0.0552083 0.186111
0 0.0770833 0.579167 0.090625 0.276852
0 0.709635 0.471759 0.0432292 0.237963
