0 0.895052 0.411574 0.0265625 0.0601852
0 0.824479 0.424537 0.01875 0.110185
0 0.598698 0.387037 0.0359375 0.0814815
0 0.486198 0.494444 0.0651042 0.266667
0 0.810677 0.428241 0.0505208 0.213889
0 0.865365 0.428241 0.0203125 0.0861111
0 0.8125 0.582407 0.0833333 0.148148
0 0.644792 0.473611 0.05625 0.330556
0 0.691406 0.481019 0.0442708 0.239815
0 0.938021 0.430556 0.1 0.383333
0 0.338542 0.437963 0.0760417 0.305556
0 0.545313 0.46713 0.0833333 0.425
0 0.0898438 0.591204 0.0953125 0.269444
0 0.164844 0.625 0.129688 0.253704
