0 0.813542 0.439815 0.0114583 0.0481481
0 0.797135 0.440741 0.0192708 0.0462963
0 0.980208 0.410185 0.0395833 0.37963
0 0.917708 0.405093 0.0291667 0.0657407
0 0.883594 0.424537 0.0265625 0.0712963
0 0.109896 0.392593 0.0520833 0.137037
0 0.83125 0.45787 0.0416667 0.197222
0 0.339844 0.482407 0.0598958 0.235185
0 0.574479 0.513426 0.0583333 0.141667
0 0.669792 0.433333 0.0885417 0.290741
0 0.748958 0.464815 0.0583333 0.255556
0 0.104687 0.574074 0.09375 0.272222
0 0.221875 0.596759 0.126042 0.30463
