0 0.297135 0.519444 0.250521 0.344444
0 0.907812 0.426389 0.021875 0.0564815
0 0.835417 0.437037 0.0333333 0.103704
0 0.660417 0.496759 0.0270833 0.087963
0 0.98125 0.469444 0.0375 0.266667
0 0.784896 0.473611 0.0166667 0.106481
0 0.76224 0.469907 0.0171875 0.113889
0 0.53776 0.478704 0.0567708 0.225926
0 0.95026 0.758796 0.0984375 0.467593
0 0.801562 0.472222 0.01875 0.101852
0 0.598698 0.485648 0.0359375 0.123148
0 0.0783854 0.576852 0.0744792 0.275926
0 0.290104 0.484259 0.08125 0.453704
0 0.716927 0.449537 0.0651042 0.25463
