0 0.897396 0.422222 0.0135417 0.0481481
0 0.951042 0.940741 0.096875 0.109259
0 0.853385 0.434259 0.0171875 0.062963
0 0.751562 0.409259 0.01875 0.05
0 0.964844 0.499537 0.0692708 0.99537
0 0.883594 0.418981 0.0192708 0.0768519
0 0.821354 0.459259 0.025 0.125926
0 0.775781 0.425 0.0328125 0.0981481
0 0.916146 0.405093 0.0322917 0.0842593
0 0.0802083 0.501852 0.04375 0.142593
0 0.567448 0.485648 0.0557292 0.169444
0 0.467187 0.465278 0.0927083 0.650926
0 0.661458 0.424537 0.0875 0.271296
0 0.345052 0.197222 0.177604 0.392593
0 0.196354 0.25463 0.158333 0.409259
0 0.679948 0.709259 0.246354 0.568519
