0 0.930990 0.415741 0.028646 0.061111
0 0.615365 0.462963 0.018229 0.053704
0 0.611458 0.508796 0.043750 0.099074
0 0.729688 0.471759 0.033333 0.080556
0 0.556250 0.452778 0.036458 0.081481
0 0.780990 0.335648 0.075521 0.260185
0 0.838542 0.465278 0.068750 0.391667
0 0.673958 0.431944 0.034375 0.134259
0 0.699740 0.470370 0.038021 0.214815
0 0.934375 0.409722 0.130208 0.375000
0 0.676302 0.525926 0.054688 0.124074
0 0.568750 0.531019 0.059375 0.167593
0 0.436719 0.461574 0.164062 0.541667
0 0.107031 0.462037 0.104688 0.592593
0 0.343490 0.438889 0.059896 0.177778
