0 0.884896 0.418056 0.0197917 0.0824074
0 0.663542 0.409259 0.0197917 0.131481
0 0.803125 0.458333 0.0229167 0.15
0 0.817187 0.4625 0.0229167 0.15463
0 0.615625 0.50463 0.05625 0.116667
0 0.876562 0.415278 0.021875 0.0898148
0 0.561719 0.487037 0.0588542 0.17037
0 0.911719 0.408333 0.0380208 0.0703704
0 0.0114583 0.603704 0.0229167 0.27037
0 0.845833 0.47037 0.0447917 0.283333
0 0.922656 0.650463 0.154687 0.530556
0 0.34401 0.491667 0.0640625 0.218519
0 0.685156 0.466667 0.0546875 0.253704
0 0.757812 0.460648 0.0395833 0.210185
0 0.0966146 0.562963 0.0796875 0.274074
