0 0.819792 0.465741 0.0177083 0.135185
0 0.00989583 0.648611 0.0197917 0.178704
0 0.890885 0.421296 0.0192708 0.0759259
0 0.613802 0.503704 0.0484375 0.111111
0 0.909896 0.405556 0.0239583 0.0611111
0 0.873958 0.413889 0.021875 0.0907407
0 0.560938 0.493981 0.0625 0.180556
0 0.685156 0.453241 0.0338542 0.197222
0 0.844792 0.471296 0.0447917 0.283333
0 0.0989583 0.571759 0.1 0.271296
0 0.347396 0.484722 0.0677083 0.228704
0 0.904427 0.696759 0.190104 0.450926
0 0.751302 0.4625 0.0817708 0.462037
