0 0.973698 0.603241 0.0526042 0.373148
0 0.930729 0.406481 0.0166667 0.037037
0 0.709896 0.324074 0.0239583 0.0481481
0 0.734115 0.343056 0.103646 0.162037
0 0.5375 0.499074 0.0541667 0.175926
0 0.8875 0.419907 0.0260417 0.0564815
0 0.94349 0.868519 0.111979 0.255556
0 0.73724 0.497685 0.144271 0.436111
0 0.946875 0.451852 0.0229167 0.105556
0 0.660156 0.494907 0.0390625 0.0787037
0 0.834375 0.461574 0.0885417 0.428704
0 0.199219 0.464815 0.107813 0.416667
0 0.583854 0.476852 0.071875 0.361111
0 0.0768229 0.485185 0.140104 0.757407
