0 0.80026 0.450463 0.0348958 0.167593
0 0.00911458 0.660648 0.0182292 0.162037
0 0.938802 0.421759 0.0276042 0.0675926
0 0.909896 0.421759 0.0166667 0.0268519
0 0.953125 0.35787 0.028125 0.150926
0 0.551562 0.494907 0.0416667 0.180556
0 0.726823 0.451852 0.0276042 0.2
0 0.34375 0.477778 0.0635417 0.198148
0 0.863802 0.409722 0.0546875 0.169444
0 0.98151 0.334259 0.0369792 0.162963
0 0.777083 0.458333 0.078125 0.283333
0 0.829427 0.458796 0.0359375 0.212037
0 0.940885 0.6625 0.118229 0.534259
0 0.105469 0.57037 0.0859375 0.27963
0 0.667708 0.483796 0.191667 0.823148
0 0.411979 0.457407 0.110417 0.527778
