0 0.552865 0.4375 0.0411458 0.208333
0 0.806771 0.451389 0.0270833 0.173148
0 0.8125 0.581944 0.0822917 0.143519
0 0.865365 0.428241 0.0192708 0.0861111
0 0.910417 0.375463 0.0447917 0.15463
0 0.730729 0.478704 0.025 0.198148
0 0.505208 0.539352 0.06875 0.158333
0 0.788021 0.474074 0.0604167 0.307407
0 0.751562 0.472685 0.034375 0.260185
0 0.956771 0.422222 0.0729167 0.374074
0 0.0877604 0.587963 0.0848958 0.253704
0 0.647396 0.471759 0.05 0.328704
0 0.313802 0.469907 0.0786458 0.286111
0 0.165625 0.634259 0.128125 0.235185
