0 0.664062 0.45787 0.0208333 0.0546296
0 0.709375 0.459259 0.0239583 0.0555556
0 0.786198 0.475463 0.0151042 0.0953704
0 0.596354 0.47963 0.0302083 0.1
0 0.799479 0.473148 0.0177083 0.0981481
0 0.58151 0.512037 0.0453125 0.109259
0 0.547917 0.500463 0.0822917 0.162037
0 0.665885 0.496759 0.0359375 0.0861111
0 0.941667 0.837037 0.115625 0.314815
0 0.76875 0.471759 0.0166667 0.117593
0 0.894792 0.35787 0.0416667 0.184259
0 0.0765625 0.57963 0.0895833 0.275926
0 0.746615 0.470833 0.0359375 0.182407
0 0.407292 0.471759 0.0510417 0.410185
0 0.946875 0.457407 0.105208 0.7
