0 0.702344 0.45463 0.0276042 0.0740741
0 0.834896 0.45 0.0270833 0.101852
0 0.838021 0.394907 0.0229167 0.0731481
0 0.821875 0.451389 0.0177083 0.108333
0 0.690625 0.482407 0.03125 0.0888889
0 0.113802 0.628241 0.0723958 0.160185
0 0.86849 0.420833 0.0151042 0.0638889
0 0.0106771 0.64537 0.0213542 0.196296
0 0.8875 0.416667 0.0302083 0.0833333
0 0.546354 0.533796 0.046875 0.14537
0 0.0869792 0.565741 0.0635417 0.27037
0 0.965365 0.369444 0.0505208 0.255556
0 0.355469 0.502315 0.0828125 0.199074
