0 0.888542 0.435185 0.00833333 0.037037
0 0.9125 0.421759 0.00833333 0.0212963
0 0.344792 0.406944 0.0260417 0.0527778
0 0.959635 0.339352 0.0296875 0.14537
0 0.933594 0.426852 0.0265625 0.0555556
0 0.702865 0.413426 0.0369792 0.119444
0 0.898438 0.423148 0.0135417 0.0425926
0 0.333073 0.428241 0.0494792 0.0953704
0 0.875521 0.414352 0.025 0.0861111
0 0.827083 0.4625 0.0322917 0.165741
0 0.977083 0.315278 0.0458333 0.197222
0 0.927344 0.662037 0.145313 0.557407
0 0.566406 0.494444 0.224479 0.988889
0 0.685156 0.467593 0.0401042 0.183333
0 0.258854 0.406019 0.0958333 0.532407
