0 0.82526 0.581019 0.0713542 0.173148
0 0.338802 0.123148 0.0473958 0.114815
0 0.582292 0.451852 0.0354167 0.0944444
0 0.576302 0.369907 0.0276042 0.0361111
0 0.903906 0.418981 0.0265625 0.0638889
0 0.49375 0.44213 0.0385417 0.202778
0 0.94974 0.426852 0.0776042 0.372222
0 0.248958 0.312963 0.109375 0.290741
0 0.876562 0.434259 0.0322917 0.0703704
0 0.835417 0.425 0.0416667 0.114815
0 0.621354 0.431944 0.102083 0.328704
0 0.809375 0.425926 0.0583333 0.175926
0 0.540885 0.496759 0.0515625 0.176852
0 0.388542 0.461111 0.164583 0.838889
0 0.0828125 0.585185 0.0854167 0.274074
0 0.147396 0.619907 0.096875 0.260185
0 0.519792 0.545833 0.0635417 0.162037
0 0.734896 0.430556 0.13125 0.492593
