0 0.792969 0.463889 0.0255208 0.0407407
0 0.00677083 0.658796 0.0135417 0.156481
0 0.740885 0.487037 0.0203125 0.0518519
0 0.443229 0.585648 0.0322917 0.108333
0 0.778125 0.450463 0.0166667 0.037963
0 0.716667 0.506944 0.015625 0.0824074
0 0.764323 0.45787 0.0348958 0.0861111
0 0.916927 0.489815 0.0671875 0.298148
0 0.604688 0.518981 0.0229167 0.189815
0 0.882031 0.393519 0.0515625 0.188889
0 0.695052 0.508333 0.0286458 0.12037
0 0.644792 0.4875 0.0697917 0.249074
0 0.178125 0.548148 0.144792 0.659259
0 0.52526 0.52037 0.132812 0.822222
