0 0.911198 0.555093 0.0609375 0.234259
0 0.627344 0.482407 0.0338542 0.125926
0 0.690625 0.478704 0.0322917 0.0814815
0 0.684375 0.522685 0.0416667 0.112037
0 0.613281 0.510185 0.0546875 0.114815
0 0.0104167 0.646759 0.0208333 0.193519
0 0.745052 0.459722 0.0265625 0.167593
0 0.567187 0.49213 0.0572917 0.180556
0 0.0997396 0.568519 0.0869792 0.272222
0 0.817708 0.460648 0.05625 0.499074
0 0.35651 0.503704 0.0838542 0.2
0 0.767448 0.460185 0.0307292 0.172222
0 0.906771 0.563426 0.186458 0.619444
0 0.652604 0.461111 0.0510417 0.322222
