0 0.93151 0.297222 0.0223958 0.0833333
0 0.797656 0.433333 0.0213542 0.0796296
0 0.684635 0.481481 0.0286458 0.101852
0 0.884375 0.417593 0.0322917 0.0703704
0 0.818229 0.458796 0.0239583 0.0898148
0 0.708073 0.398611 0.0265625 0.187963
0 0.864323 0.430556 0.0265625 0.0907407
0 0.616927 0.398611 0.0494792 0.108333
0 0.94974 0.391204 0.100521 0.410185
0 0.548698 0.444444 0.0421875 0.201852
0 0.651042 0.47037 0.0489583 0.333333
0 0.505469 0.52963 0.0671875 0.175926
0 0.177344 0.631481 0.104687 0.240741
0 0.759375 0.478704 0.096875 0.577778
0 0.0880208 0.5875 0.090625 0.262037
0 0.310156 0.496759 0.0651042 0.225
