0 0.0661458 0.680093 0.129167 0.597222
0 0.95625 0.351389 0.0604167 0.210185
0 0.810938 0.459259 0.0125 0.0777778
0 0.842188 0.419444 0.0322917 0.118519
0 0.736719 0.44213 0.0296875 0.0675926
0 0.976823 0.40463 0.0463542 0.383333
0 0.967969 0.318981 0.0328125 0.139815
0 0.880469 0.414352 0.0411458 0.0842593
0 0.683854 0.430556 0.0270833 0.127778
0 0.111198 0.597685 0.117188 0.310185
0 0.461198 0.377315 0.0463542 0.171296
0 0.354688 0.49537 0.0666667 0.237037
0 0.709896 0.466204 0.028125 0.202778
0 0.791927 0.460185 0.0317708 0.157407
0 0.677083 0.528241 0.0552083 0.123148
0 0.238281 0.5625 0.105729 0.212037
0 0.5375 0.466204 0.116667 0.449074
