0 0.790885 0.4625 0.0140625 0.102778
0 0.78125 0.482407 0.0270833 0.0666667
0 0.875521 0.435185 0.0177083 0.0388889
0 0.0494792 0.628241 0.0989583 0.712037
0 0.673698 0.462963 0.0161458 0.0481481
0 0.841667 0.448611 0.015625 0.0694444
0 0.73151 0.437963 0.0869792 0.537037
0 0.821354 0.453704 0.0177083 0.112963
0 0.944531 0.571296 0.0744792 0.0981481
0 0.896354 0.424537 0.028125 0.0675926
0 0.633854 0.453704 0.0385417 0.0740741
0 0.976042 0.583333 0.046875 0.553704
0 0.571354 0.484259 0.05 0.159259
0 0.359115 0.503241 0.0880208 0.200926
0 0.6875 0.725926 0.254167 0.531482
0 0.495833 0.468519 0.160417 0.851852
