0 0.893229 0.419907 0.0302083 0.0787037
0 0.747917 0.377315 0.01875 0.0490741
0 0.964323 0.313426 0.0609375 0.247222
0 0.729948 0.37963 0.0223958 0.0666667
0 0.686719 0.483796 0.0348958 0.087963
0 0.629427 0.474074 0.0328125 0.124074
0 0.779948 0.473611 0.0432292 0.369444
0 0.869531 0.404167 0.0348958 0.115741
0 0.0164062 0.649074 0.0328125 0.187037
0 0.820833 0.462963 0.059375 0.507407
0 0.56849 0.484722 0.0567708 0.162037
0 0.103646 0.568519 0.0927083 0.274074
0 0.354688 0.450926 0.0989583 0.668519
0 0.679167 0.720833 0.2375 0.547222
