0 0.778125 0.396296 0.0125 0.0351852
0 0.538281 0.476389 0.0223958 0.0916667
0 0.78151 0.404167 0.0203125 0.0509259
0 0.666667 0.436574 0.0197917 0.075
0 0.746875 0.40463 0.0229167 0.0481481
0 0.843229 0.428241 0.0260417 0.0842593
0 0.835938 0.388426 0.0177083 0.0546296
0 0.698698 0.423611 0.0109375 0.0490741
0 0.797917 0.411574 0.0125 0.0416667
0 0.926042 0.446296 0.084375 0.240741
0 0.685417 0.448611 0.0208333 0.100926
0 0.721094 0.423611 0.0265625 0.0509259
0 0.593229 0.410185 0.0260417 0.062963
0 0.617188 0.448611 0.0239583 0.158333
0 0.469531 0.527315 0.0692708 0.125
