0 0.929688 0.423611 0.021875 0.0583333
0 0.863542 0.426852 0.025 0.0611111
0 0.950781 0.359259 0.0348958 0.151852
0 0.705208 0.4125 0.0270833 0.119444
0 0.782031 0.462963 0.0255208 0.144444
0 0.886458 0.418519 0.034375 0.0833333
0 0.557552 0.496296 0.0473958 0.17963
0 0.98099 0.334259 0.0380208 0.164815
0 0.346354 0.487963 0.0697917 0.216667
0 0.929688 0.662037 0.140625 0.55
0 0.688542 0.465741 0.0458333 0.194444
0 0.811979 0.467593 0.065625 0.294444
0 0.158073 0.359259 0.117188 0.555556
0 0.622396 0.46713 0.0875 0.413889
