0 0.694792 0.434259 0.021875 0.0444444
0 0.979167 0.472222 0.0416667 0.262963
0 0.676042 0.456481 0.015625 0.0648148
0 0.791406 0.466204 0.0338542 0.147222
0 0.6 0.490278 0.0364583 0.117593
0 0.584896 0.518981 0.0489583 0.0990741
0 0.819792 0.469907 0.015625 0.0657407
0 0.666927 0.496296 0.0307292 0.087037
0 0.716927 0.465741 0.0192708 0.114815
0 0.763802 0.471296 0.0161458 0.112963
0 0.95625 0.772685 0.0864583 0.449074
0 0.905469 0.429167 0.0234375 0.0638889
0 0.546354 0.508796 0.0604167 0.171296
0 0.0778646 0.577778 0.0744792 0.275926
0 0.346615 0.476852 0.103646 0.414815
