0 0.768229 0.473611 0.015625 0.106481
0 0.672396 0.443981 0.0208333 0.0361111
0 0.922917 0.374537 0.0354167 0.173148
0 0.754167 0.472222 0.0239583 0.116667
0 0.665625 0.497222 0.0364583 0.0907407
0 0.872396 0.424074 0.0166667 0.0537037
0 0.718229 0.471759 0.0322917 0.130556
0 0.889323 0.423611 0.0286458 0.0694444
0 0.961198 0.459259 0.0723958 0.27963
0 0.934635 0.823611 0.129688 0.347222
0 0.565365 0.516667 0.0901042 0.144444
0 0.455469 0.459722 0.0630208 0.432407
0 0.807552 0.483333 0.0578125 0.322222
0 0.0830729 0.580093 0.0838542 0.265741
