0 0.973437 0.604167 0.053125 0.376852
0 0.791667 0.486574 0.0125 0.0712963
0 0.98099 0.51713 0.0380208 0.199074
0 0.685938 0.410185 0.028125 0.112963
0 0.946615 0.451389 0.0223958 0.106481
0 0.917969 0.422685 0.0401042 0.0712963
0 0.942448 0.86713 0.115104 0.258333
0 0.661198 0.496296 0.0338542 0.0814815
0 0.885677 0.416667 0.0255208 0.0574074
0 0.554427 0.500926 0.0932292 0.175926
0 0.59401 0.515741 0.0526042 0.107407
0 0.739844 0.48287 0.150521 0.443519
0 0.835156 0.460648 0.0890625 0.426852
0 0.0291667 0.47037 0.0583333 0.668519
0 0.084375 0.587963 0.084375 0.255556
0 0.179167 0.465741 0.15 0.414815
