0 0.786719 0.468519 0.014063 0.120370
0 0.665625 0.449537 0.021875 0.043519
0 0.708854 0.463889 0.021875 0.042593
0 0.886979 0.430556 0.010417 0.031481
0 0.799479 0.468519 0.019792 0.092593
0 0.756771 0.461111 0.020833 0.105556
0 0.773958 0.471296 0.020833 0.131481
0 0.530208 0.488426 0.046875 0.169444
0 0.938542 0.843519 0.121875 0.303704
0 0.665104 0.495370 0.046875 0.079630
0 0.733333 0.472222 0.039583 0.172222
0 0.071875 0.573611 0.082292 0.267593
0 0.950260 0.453704 0.099479 0.677778
0 0.392448 0.471759 0.091146 0.406481
0 0.582812 0.514352 0.044792 0.102778
