0 0.8375 0.44213 0.0145833 0.0453704
0 0.678125 0.458796 0.0166667 0.0675926
0 0.788542 0.47037 0.01875 0.105556
0 0.871875 0.433333 0.015625 0.0277778
0 0.976823 0.774537 0.0453125 0.441667
0 0.978385 0.418519 0.0432292 0.216667
0 0.920573 0.787963 0.154687 0.414815
0 0.801302 0.472685 0.0182292 0.102778
0 0.911198 0.543981 0.176563 0.899074
0 0.666667 0.493056 0.034375 0.0842593
0 0.81875 0.450926 0.0239583 0.107407
0 0.7625 0.472685 0.0322917 0.115741
0 0.55599 0.464815 0.113021 0.385185
0 0.0825521 0.580093 0.0828125 0.265741
