0 0.559115 0.531944 0.0234375 0.112037
0 0.830208 0.419907 0.0197917 0.0398148
0 0.720573 0.463889 0.0171875 0.125926
0 0.609375 0.466667 0.0145833 0.0537037
0 0.684635 0.434259 0.0234375 0.0722222
0 0.671094 0.5 0.0401042 0.0648148
0 0.602344 0.498611 0.0411458 0.112037
0 0.801302 0.500463 0.0984375 0.467593
0 0.942969 0.366204 0.0817708 0.278704
0 0.748177 0.471759 0.0338542 0.180556
0 0.932292 0.709722 0.134375 0.573148
0 0.413542 0.478241 0.104167 0.312037
0 0.229948 0.475926 0.0786458 0.492593
0 0.894531 0.357407 0.0640625 0.188889
0 0.075 0.577315 0.090625 0.275
0 0.533333 0.475 0.05625 0.3
