0 0.00885417 0.653241 0.0177083 0.171296
0 0.832292 0.467593 0.0270833 0.277778
0 0.710677 0.375463 0.0338542 0.123148
0 0.903906 0.412037 0.0234375 0.0685185
0 0.872135 0.417593 0.0223958 0.0777778
0 0.932292 0.379167 0.0427083 0.150926
0 0.917448 0.651389 0.165104 0.532407
0 0.972917 0.29537 0.0541667 0.212963
0 0.792969 0.468981 0.0817708 0.508333
0 0.345313 0.486111 0.0666667 0.233333
0 0.104427 0.571759 0.0869792 0.276852
0 0.659375 0.475 0.116667 0.781482
0 0.553906 0.447685 0.107813 0.671296
