0 0.739062 0.464815 0.0333333 0.140741
0 0.69375 0.444444 0.021875 0.0537037
0 0.721875 0.464815 0.021875 0.125926
0 0.941927 0.848148 0.115104 0.294444
0 0.664062 0.497685 0.03125 0.0972222
0 0.760938 0.485185 0.028125 0.216667
0 0.863542 0.416667 0.0208333 0.05
0 0.836719 0.424074 0.0223958 0.062963
0 0.541406 0.506481 0.0484375 0.17037
0 0.909375 0.3625 0.0583333 0.186111
0 0.950521 0.421759 0.0760417 0.380556
0 0.795833 0.494444 0.065625 0.472222
0 0.604167 0.483333 0.0427083 0.274074
0 0.0776042 0.576389 0.0875 0.276852
