0 0.826563 0.416667 0.01875 0.131481
0 0.789583 0.425 0.0729167 0.168519
0 0.866927 0.429167 0.0234375 0.087963
0 0.554688 0.44213 0.0427083 0.20463
0 0.955469 0.415278 0.0828125 0.406481
0 0.841146 0.409259 0.0333333 0.131481
0 0.616927 0.400926 0.0348958 0.116667
0 0.810156 0.425463 0.0463542 0.213889
0 0.770833 0.427315 0.0364583 0.136111
0 0.901302 0.419907 0.0276042 0.0657407
0 0.682292 0.49537 0.0364583 0.244444
0 0.815365 0.584259 0.0869792 0.142593
0 0.505469 0.537963 0.0713542 0.162963
0 0.647656 0.471759 0.0463542 0.336111
0 0.30599 0.480093 0.0609375 0.25463
0 0.0893229 0.591204 0.0880208 0.256481
0 0.160156 0.6375 0.135937 0.232407
