0 0.73125 0.383796 0.0333333 0.0805556
0 0.950781 0.350926 0.0265625 0.135185
0 0.00911458 0.661111 0.0182292 0.161111
0 0.628906 0.464815 0.0307292 0.0981481
0 0.977865 0.344444 0.0442708 0.174074
0 0.807031 0.462037 0.0317708 0.22037
0 0.833594 0.460185 0.0421875 0.209259
0 0.773177 0.440741 0.0588542 0.211111
0 0.890104 0.411574 0.0385417 0.0953704
0 0.923958 0.676389 0.151042 0.515741
0 0.692708 0.450926 0.113542 0.418519
0 0.104948 0.570833 0.0859375 0.278704
0 0.541146 0.461111 0.0770833 0.42037
0 0.31276 0.470833 0.129688 0.565741
