0 0.96875 0.591204 0.0625 0.147222
0 0.919271 0.377315 0.0354167 0.171296
0 0.872135 0.425463 0.0192708 0.0527778
0 0.665365 0.499537 0.0369792 0.0972222
0 0.423958 0.481944 0.0791667 0.376852
0 0.721875 0.470833 0.021875 0.130556
0 0.590365 0.513889 0.0380208 0.12037
0 0.8875 0.423148 0.0270833 0.0685185
0 0.961719 0.448611 0.0713542 0.258333
0 0.947135 0.800463 0.104687 0.393519
0 0.802865 0.481019 0.0578125 0.330556
0 0.0825521 0.578241 0.0828125 0.269444
0 0.576563 0.463889 0.0729167 0.244444
