0 0.33099 0.502315 0.163021 0.341667
0 0.680469 0.526389 0.0234375 0.115741
0 0.645573 0.50463 0.0203125 0.103704
0 0.850781 0.416667 0.0223958 0.0518519
0 0.783854 0.475926 0.0166667 0.0962963
0 0.803125 0.459259 0.0166667 0.0703704
0 0.646875 0.476852 0.01875 0.05
0 0.878906 0.415278 0.0453125 0.0657407
0 0.614323 0.471296 0.0609375 0.105556
0 0.666406 0.494444 0.0265625 0.087037
0 0.732813 0.478241 0.129167 0.462037
0 0.957552 0.794444 0.0838542 0.401852
0 0.558333 0.539815 0.0645833 0.161111
0 0.327865 0.476389 0.127604 0.800926
0 0.941927 0.431019 0.0901042 0.386111
0 0.0770833 0.578241 0.0864583 0.273148
