0 0.854948 0.410648 0.0192708 0.0435185
0 0.867969 0.576852 0.0703125 0.181481
0 0.532292 0.536111 0.0927083 0.187037
0 0.54375 0.487037 0.04375 0.142593
0 0.6375 0.406019 0.0302083 0.126852
0 0.585677 0.546759 0.0546875 0.158333
0 0.822135 0.539815 0.0557292 0.237037
0 0.457812 0.431019 0.0510417 0.226852
0 0.609896 0.440741 0.0208333 0.12037
0 0.669531 0.385185 0.0390625 0.125926
0 0.916667 0.409259 0.148958 0.35
0 0.0903646 0.575463 0.0869792 0.262037
0 0.74349 0.481944 0.121354 0.525
0 0.344271 0.415741 0.0614583 0.275926
0 0.195833 0.498148 0.114583 0.498148
