0 0.873438 0.422685 0.01875 0.0509259
0 0.877344 0.419444 0.0109375 0.0277778
0 0.784635 0.470833 0.0213542 0.106481
0 0.61901 0.375463 0.0223958 0.147222
0 0.870313 0.430556 0.0270833 0.0907407
0 0.954948 0.408333 0.0838542 0.444444
0 0.821615 0.577778 0.106771 0.159259
0 0.833594 0.430556 0.0390625 0.109259
0 0.898177 0.418519 0.0307292 0.0611111
0 0.501302 0.53287 0.0640625 0.169444
0 0.542448 0.44537 0.0359375 0.201852
0 0.163542 0.633333 0.13125 0.237037
0 0.656771 0.472222 0.0666667 0.442593
0 0.729427 0.477315 0.0890625 0.343519
0 0.339844 0.423148 0.0640625 0.296296
0 0.0927083 0.587037 0.0958333 0.255556
