0 0.822135 0.454167 0.0244792 0.173148
0 0.792969 0.436111 0.0151042 0.0518519
0 0.009375 0.660185 0.01875 0.161111
0 0.942187 0.371296 0.0364583 0.172222
0 0.88151 0.421296 0.0338542 0.0814815
0 0.907552 0.406019 0.0234375 0.0657407
0 0.841927 0.47037 0.0421875 0.274074
0 0.625781 0.444444 0.0380208 0.087037
0 0.973437 0.347685 0.053125 0.29537
0 0.559896 0.494444 0.0572917 0.185185
0 0.908333 0.661111 0.183333 0.542593
0 0.345573 0.485185 0.0682292 0.231481
0 0.703385 0.464352 0.102604 0.747222
0 0.104427 0.572222 0.0880208 0.274074
