0 0.886198 0.406944 0.0255208 0.0490741
0 0.711458 0.494444 0.0427083 0.155556
0 0.884635 0.4 0.0161458 0.0333333
0 0.107552 0.622685 0.0609375 0.175
0 0.69974 0.459722 0.0296875 0.20463
0 0.972917 0.41713 0.0541667 0.362037
0 0.654427 0.471759 0.0338542 0.243519
0 0.683854 0.464352 0.03125 0.20463
0 0.867708 0.421759 0.053125 0.087963
0 0.33724 0.506944 0.0703125 0.197222
0 0.822135 0.456944 0.0640625 0.497222
0 0.751823 0.469907 0.0442708 0.228704
0 0.197917 0.612963 0.123958 0.275926
0 0.586719 0.45463 0.226562 0.898148
