0 0.664062 0.42963 0.0395833 0.0388889
0 0.611979 0.459259 0.0104167 0.0481481
0 0.528646 0.541204 0.0385417 0.141667
0 0.907812 0.579167 0.0708333 0.0953704
0 0.676042 0.410185 0.0322917 0.0648148
0 0.626302 0.547685 0.0484375 0.132407
0 0.602083 0.47037 0.0239583 0.0648148
0 0.0229167 0.528704 0.0447917 0.588889
0 0.863542 0.427778 0.0177083 0.0814815
0 0.839063 0.478241 0.0458333 0.276852
0 0.944271 0.423611 0.0864583 0.373148
0 0.884896 0.409259 0.028125 0.0888889
0 0.560156 0.526852 0.0661458 0.125926
0 0.0851562 0.574537 0.0901042 0.265741
0 0.759375 0.482407 0.142708 0.505556
0 0.467187 0.485648 0.132292 0.669444
