0 0.574479 0.421296 0.0447917 0.251852
0 0.934896 0.413426 0.0177083 0.0490741
0 0.245833 0.477778 0.0604167 0.472222
0 0.867969 0.428241 0.0234375 0.0842593
0 0.29401 0.699537 0.0296875 0.121296
0 0.897917 0.419444 0.0322917 0.0703704
0 0.375781 0.496296 0.276563 0.988889
0 0.81901 0.473148 0.0463542 0.305556
0 0.0216146 0.531018 0.0432292 0.560185
0 0.620052 0.473611 0.0453125 0.321296
0 0.0854167 0.574074 0.0947917 0.262963
0 0.663021 0.371296 0.0583333 0.157407
0 0.744531 0.478704 0.116146 0.507407
0 0.536458 0.491667 0.096875 0.507407
