0 0.83151 0.453241 0.0109375 0.0342593
0 0.594271 0.519444 0.034375 0.103704
0 0.817708 0.468056 0.015625 0.0731481
0 0.655729 0.495833 0.021875 0.0842593
0 0.889583 0.411574 0.025 0.0601852
0 0.924219 0.332407 0.0526042 0.238889
0 0.773438 0.449537 0.0375 0.141667
0 0.867188 0.425926 0.0166667 0.0425926
0 0.79974 0.47037 0.0182292 0.103704
0 0.851042 0.42963 0.0302083 0.0722222
0 0.691927 0.477315 0.0369792 0.191667
0 0.0822917 0.575 0.0875 0.268519
0 0.913281 0.496759 0.171354 0.982407
0 0.626042 0.472685 0.053125 0.29537
0 0.561198 0.465278 0.0630208 0.325
