0 0.830469 0.440741 0.0109375 0.0296296
0 0.732031 0.475463 0.0390625 0.147222
0 0.986198 0.503704 0.0276042 0.214815
0 0.588802 0.5125 0.0328125 0.10463
0 0.864844 0.418519 0.0223958 0.0481481
0 0.957552 0.864815 0.0848958 0.259259
0 0.674479 0.458796 0.0166667 0.112037
0 0.841667 0.42963 0.015625 0.0444444
0 0.882031 0.414815 0.0286458 0.0537037
0 0.534896 0.47963 0.0427083 0.122222
0 0.661198 0.496296 0.0307292 0.0925926
0 0.940885 0.377315 0.0505208 0.243519
0 0.55625 0.545833 0.078125 0.156481
0 0.0609375 0.559259 0.119792 0.85
0 0.78724 0.490741 0.0921875 0.527778
