0 0.735156 0.454167 0.0213542 0.163889
0 0.60599 0.505093 0.0421875 0.100926
0 0.0109375 0.770833 0.021875 0.437963
0 0.0106771 0.64537 0.0213542 0.196296
0 0.766406 0.406481 0.0526042 0.133333
0 0.633854 0.455093 0.0385417 0.075
0 0.954427 0.496759 0.0880208 0.989815
0 0.677344 0.518981 0.0536458 0.121296
0 0.567708 0.491204 0.0583333 0.173148
0 0.689062 0.439815 0.040625 0.166667
0 0.714844 0.462963 0.0338542 0.188889
0 0.0981771 0.568981 0.0869792 0.275
0 0.81901 0.462963 0.0661458 0.5
0 0.357031 0.501389 0.0859375 0.20463
