0 0.816406 0.446296 0.0348958 0.0648148
0 0.771354 0.45463 0.0135417 0.0574074
0 0.785937 0.464352 0.021875 0.0361111
0 0.494531 0.577315 0.0338542 0.158333
0 0.700781 0.509259 0.0223958 0.12963
0 0.571094 0.47963 0.0328125 0.105556
0 0.652604 0.522685 0.03125 0.173148
0 0.536979 0.469907 0.0385417 0.126852
0 0.75026 0.463426 0.0328125 0.0805556
0 0.545052 0.585648 0.0463542 0.126852
0 0.864062 0.406481 0.075 0.259259
0 0.617708 0.502315 0.0697917 0.293519
0 0.161458 0.516667 0.153125 0.953704
0 0.888542 0.681019 0.221875 0.626852
0 0.439844 0.521296 0.134896 0.748148
