0 0.903385 0.509722 0.0880208 0.282407
0 0.579427 0.498148 0.00989583 0.0555556
0 0.138021 0.494907 0.270833 0.980556
0 0.691406 0.514352 0.0171875 0.0898148
0 0.701823 0.510185 0.0192708 0.111111
0 0.569271 0.524537 0.0208333 0.0583333
0 0.673437 0.506019 0.0135417 0.0712963
0 0.746354 0.475926 0.0260417 0.0740741
0 0.898177 0.627315 0.171354 0.491667
0 0.90625 0.445833 0.0541667 0.213889
0 0.859896 0.724074 0.277083 0.542593
0 0.242708 0.536574 0.046875 0.169444
0 0.606771 0.531944 0.046875 0.128704
0 0.832031 0.392593 0.0744792 0.172222
0 0.483854 0.683333 0.520833 0.614815
0 0.292188 0.520833 0.0875 0.425
