0 0.567708 0.466204 0.0302083 0.223148
0 0.652083 0.478704 0.021875 0.0518519
0 0.729688 0.466667 0.0291667 0.131481
0 0.655729 0.494444 0.0291667 0.087037
0 0.535156 0.55787 0.0921875 0.141667
0 0.397396 0.431944 0.0583333 0.136111
0 0.641146 0.555093 0.0458333 0.117593
0 0.948438 0.411574 0.0895833 0.402778
0 0.671094 0.493981 0.0307292 0.0861111
0 0.79375 0.44537 0.0416667 0.235185
0 0.809115 0.585185 0.0776042 0.153704
0 0.166927 0.627778 0.0807292 0.255556
0 0.869792 0.398148 0.0697917 0.140741
0 0.528385 0.475463 0.0557292 0.334259
0 0.0807292 0.571296 0.104167 0.266667
0 0.598958 0.474537 0.0552083 0.300926
0 0.298698 0.466204 0.189063 0.615741
