0 0.984115 0.445833 0.0317708 0.212037
0 0.744271 0.447685 0.015625 0.037963
0 0.658594 0.506481 0.0265625 0.112963
0 0.864323 0.425463 0.0213542 0.0472222
0 0.697917 0.439815 0.0229167 0.0611111
0 0.982813 0.521759 0.034375 0.100926
0 0.951823 0.755556 0.0963542 0.472222
0 0.76224 0.469907 0.0140625 0.113889
0 0.802865 0.470833 0.0192708 0.0990741
0 0.904427 0.430556 0.0244792 0.062963
0 0.722135 0.472685 0.0171875 0.130556
0 0.0822917 0.577315 0.0833333 0.275
0 0.557813 0.488426 0.122917 0.367593
