0 0.822917 0.470833 0.0177083 0.0601852
0 0.981771 0.468981 0.0364583 0.258333
0 0.675781 0.459259 0.0161458 0.0703704
0 0.600781 0.490741 0.0338542 0.118519
0 0.785677 0.473611 0.0192708 0.102778
0 0.764323 0.470833 0.0192708 0.113889
0 0.803125 0.470833 0.0197917 0.0990741
0 0.666667 0.496296 0.03125 0.0907407
0 0.950521 0.781482 0.0989583 0.427778
0 0.55026 0.518519 0.0578125 0.155556
0 0.719531 0.468981 0.0213542 0.128704
0 0.905469 0.42963 0.0234375 0.0648148
0 0.0778646 0.577315 0.0744792 0.275
0 0.357031 0.4875 0.121354 0.389815
