0 0.614062 0.50463 0.0541667 0.107407
0 0.94375 0.35 0.0375 0.114815
0 0.009375 0.660648 0.01875 0.163889
0 0.905729 0.410185 0.028125 0.0703704
0 0.871875 0.41713 0.0208333 0.0805556
0 0.977865 0.385185 0.0442708 0.374074
0 0.822917 0.459722 0.0270833 0.210185
0 0.625521 0.445833 0.0354167 0.0898148
0 0.84375 0.470833 0.040625 0.273148
0 0.560417 0.496296 0.053125 0.181481
0 0.897656 0.671296 0.204688 0.5
0 0.346094 0.490278 0.0682292 0.223148
0 0.7 0.465741 0.0833333 0.742593
0 0.104427 0.571296 0.0869792 0.275926
0 0.771615 0.463426 0.0630208 0.278704
