0 0.719531 0.351389 0.0390625 0.119444
0 0.982552 0.509259 0.0348958 0.216667
0 0.833854 0.434259 0.0166667 0.0444444
0 0.803646 0.4625 0.015625 0.0712963
0 0.946615 0.451389 0.0234375 0.10463
0 0.761458 0.339352 0.0822917 0.113889
0 0.534375 0.490278 0.0489583 0.160185
0 0.939323 0.864815 0.120312 0.262963
0 0.923958 0.418981 0.0302083 0.0564815
0 0.883594 0.404167 0.0463542 0.0842593
0 0.734896 0.498148 0.138542 0.422222
0 0.628125 0.457407 0.0927083 0.481481
0 0.182292 0.470833 0.141667 0.415741
