0 0.672917 0.543056 0.0427083 0.100926
0 0.764844 0.373611 0.0338542 0.193519
0 0.745313 0.403704 0.0354167 0.140741
0 0.845312 0.405556 0.0229167 0.0981481
0 0.015625 0.483333 0.03125 0.105556
0 0.876562 0.391667 0.04375 0.0944444
0 0.958073 0.812963 0.0838542 0.359259
0 0.0830729 0.566667 0.0734375 0.277778
0 0.666667 0.428241 0.0364583 0.15463
0 0.697656 0.460648 0.0307292 0.187963
0 0.815104 0.470833 0.0833333 0.543519
0 0.942969 0.37037 0.114063 0.253704
0 0.349219 0.488426 0.0630208 0.236111
0 0.585417 0.496759 0.194792 0.986111
