0 0.510677 0.455556 0.0463542 0.348148
0 0.0632813 0.558796 0.0484375 0.237963
0 0.497656 0.590741 0.0494792 0.112963
0 0.604427 0.439815 0.0192708 0.131481
0 0.583594 0.514815 0.0432292 0.118519
0 0.763542 0.473148 0.0177083 0.107407
0 0.21849 0.501852 0.117188 0.622222
0 0.860156 0.428704 0.0171875 0.0722222
0 0.539844 0.46713 0.0515625 0.321296
0 0.800521 0.475 0.034375 0.203704
0 0.691927 0.479167 0.0359375 0.186111
0 0.633854 0.473611 0.0510417 0.293519
0 0.90651 0.495833 0.184896 0.987963
