0 0.58151 0.539352 0.0432292 0.0916667
0 0.577083 0.493981 0.0239583 0.0490741
0 0.426302 0.562963 0.0984375 0.187037
0 0.50599 0.541667 0.0390625 0.122222
0 0.498437 0.5125 0.0239583 0.0638889
0 0.00807292 0.654167 0.0161458 0.171296
0 0.96901 0.92963 0.0609375 0.137037
0 0.665625 0.515278 0.0322917 0.14537
0 0.565885 0.564815 0.0713542 0.137037
0 0.438021 0.550926 0.04375 0.183333
0 0.888802 0.454167 0.114063 0.363889
0 0.220833 0.546759 0.0625 0.247222
0 0.608333 0.519444 0.03125 0.166667
0 0.732552 0.526389 0.159896 0.713889
