0 0.734115 0.331019 0.0973958 0.141667
0 0.947135 0.451389 0.0223958 0.106481
0 0.865885 0.4 0.0880208 0.105556
0 0.778125 0.456481 0.0322917 0.272222
0 0.665885 0.485185 0.0338542 0.0703704
0 0.941146 0.86713 0.116667 0.256481
0 0.0830729 0.575463 0.0713542 0.275
0 0.801562 0.472222 0.0260417 0.122222
0 0.634375 0.526852 0.046875 0.0981481
0 0.555729 0.501852 0.0958333 0.175926
0 0.729427 0.47963 0.130729 0.448148
0 0.359375 0.467593 0.158333 0.490741
0 0.0372396 0.527778 0.0744792 0.555556
0 0.205208 0.465741 0.107292 0.42037
