0 0.0104167 0.576389 0.0208333 0.278704
0 0.844271 0.427778 0.046875 0.0666667
0 0.891667 0.405556 0.0208333 0.0611111
0 0.838021 0.383796 0.0229167 0.0509259
0 0.667969 0.541667 0.0442708 0.105556
0 0.955469 0.75787 0.0880208 0.473148
0 0.878385 0.414815 0.0276042 0.0777778
0 0.96901 0.393056 0.0619792 0.417593
0 0.0744792 0.621759 0.0364583 0.186111
0 0.559635 0.494444 0.0567708 0.17963
0 0.664062 0.431944 0.040625 0.152778
0 0.344531 0.4875 0.0619792 0.210185
0 0.630208 0.436574 0.0354167 0.113889
0 0.794271 0.46713 0.09375 0.552778
0 0.696875 0.462037 0.0302083 0.185185
0 0.189583 0.494907 0.346875 0.986111
