0 0.563021 0.480556 0.0489583 0.218519
0 0.700781 0.398611 0.0276042 0.0916667
0 0.71849 0.394907 0.0578125 0.141667
0 0.673958 0.493981 0.0229167 0.0990741
0 0.60625 0.507407 0.0416667 0.0981481
0 0.98099 0.29537 0.0369792 0.1
0 0.927604 0.408796 0.025 0.0657407
0 0.969531 0.425463 0.0609375 0.337963
0 0.865104 0.432407 0.0270833 0.062963
0 0.890885 0.423148 0.0328125 0.0740741
0 0.347917 0.479167 0.0770833 0.234259
0 0.102604 0.575926 0.09375 0.27037
0 0.786198 0.463426 0.0932292 0.578704
0 0.517708 0.449074 0.110417 0.575926
0 0.226302 0.581481 0.115104 0.307407
