0 0.426823 0.562963 0.101562 0.187037
0 0.575781 0.498148 0.0192708 0.0518519
0 0.970573 0.931944 0.0578125 0.130556
0 0.551823 0.516204 0.0192708 0.0416667
0 0.569271 0.513889 0.0177083 0.0425926
0 0.507292 0.543056 0.0375 0.121296
0 0.884635 0.458796 0.118229 0.452778
0 0.436979 0.552315 0.0427083 0.182407
0 0.565365 0.578704 0.0755208 0.107407
0 0.611458 0.516204 0.0260417 0.169444
0 0.219271 0.550463 0.0635417 0.243519
0 0.644792 0.522222 0.0489583 0.209259
0 0.725 0.51713 0.144792 0.730556
