0 0.902865 0.477778 0.0390625 0.183333
0 0.295052 0.469907 0.0453125 0.450926
0 0.866406 0.418981 0.0223958 0.0731481
0 0.938542 0.411111 0.021875 0.0481481
0 0.900781 0.419907 0.0421875 0.075
0 0.321094 0.468056 0.133854 0.462037
0 0.789062 0.466204 0.0447917 0.330556
0 0.651302 0.468056 0.0848958 0.363889
0 0.021875 0.494907 0.04375 0.673148
0 0.833333 0.476389 0.0479167 0.276852
0 0.527083 0.478704 0.10625 0.481481
0 0.746875 0.480093 0.119792 0.510185
0 0.0846354 0.573148 0.0932292 0.262963
0 0.239583 0.481019 0.104167 0.60463
