0 0.665885 0.448148 0.0203125 0.0796296
0 0.608073 0.494444 0.0401042 0.0907407
0 0.76849 0.492593 0.0286458 0.177778
0 0.558073 0.497222 0.0296875 0.183333
0 0.970052 0.422222 0.0588542 0.353704
0 0.102344 0.555556 0.0932292 0.238889
0 0.615104 0.423611 0.0270833 0.115741
0 0.804948 0.499537 0.0526042 0.217593
0 0.869531 0.372222 0.0557292 0.177778
0 0.341146 0.490278 0.0614583 0.226852
0 0.445833 0.494444 0.223958 0.983333
0 0.0773437 0.443056 0.153646 0.856481
0 0.770052 0.473611 0.203646 0.628704
