0 0.721615 0.423148 0.0140625 0.0425926
0 0.732031 0.476389 0.0369792 0.147222
0 0.590365 0.508333 0.0276042 0.0981481
0 0.972396 0.595833 0.0552083 0.391667
0 0.676823 0.451852 0.0171875 0.0925926
0 0.955469 0.864815 0.0880208 0.259259
0 0.880208 0.416667 0.0333333 0.05
0 0.665625 0.493056 0.0322917 0.0898148
0 0.538021 0.488889 0.0447917 0.12037
0 0.859896 0.416204 0.01875 0.0564815
0 0.938802 0.44213 0.0536458 0.373148
0 0.836979 0.425 0.0208333 0.0611111
0 0.555469 0.54537 0.0848958 0.151852
0 0.0794271 0.580556 0.0901042 0.268519
0 0.78099 0.491204 0.0880208 0.526852
