0 0.791406 0.461111 0.0223958 0.151852
0 0.730208 0.456944 0.025 0.0953704
0 0.809635 0.461111 0.0203125 0.087037
0 0.96276 0.421759 0.0744792 0.400926
0 0.96849 0.323611 0.0401042 0.150926
0 0.906771 0.405556 0.0239583 0.0685185
0 0.836198 0.431944 0.0348958 0.126852
0 0.932552 0.414352 0.0307292 0.0657407
0 0.682813 0.425463 0.0260417 0.117593
0 0.360938 0.484259 0.0635417 0.224074
0 0.885156 0.411111 0.0234375 0.0944444
0 0.566927 0.530093 0.0578125 0.169444
0 0.617969 0.449537 0.0838542 0.341667
0 0.752865 0.478704 0.0703125 0.359259
