0 0.0994792 0.372685 0.028125 0.15463
0 0.922656 0.408333 0.0151042 0.0611111
0 0.945052 0.573148 0.0765625 0.1
0 0.0106771 0.643056 0.0213542 0.189815
0 0.565625 0.5 0.059375 0.12963
0 0.617188 0.505093 0.0604167 0.100926
0 0.911458 0.40787 0.0270833 0.062037
0 0.699479 0.494444 0.040625 0.105556
0 0.88724 0.418981 0.0265625 0.0787037
0 0.780208 0.44213 0.0458333 0.141667
0 0.848437 0.470833 0.0541667 0.286111
0 0.669271 0.451389 0.0322917 0.212037
0 0.927083 0.656482 0.145833 0.525926
0 0.101823 0.572685 0.100521 0.269444
0 0.315625 0.469444 0.155208 0.687037
