0 0.860937 0.474537 0.0270833 0.178704
0 0.640365 0.398611 0.0276042 0.0935185
0 0.785937 0.380556 0.028125 0.103704
0 0.890625 0.419444 0.0333333 0.0685185
0 0.457552 0.397685 0.0713542 0.113889
0 0.861719 0.426389 0.0255208 0.0824074
0 0.821615 0.476852 0.0473958 0.312963
0 0.0242187 0.493056 0.0484375 0.669444
0 0.61276 0.469444 0.0442708 0.327778
0 0.946354 0.409722 0.0864583 0.402778
0 0.739323 0.475926 0.126563 0.514815
0 0.577344 0.485648 0.0651042 0.400926
0 0.0848958 0.573148 0.09375 0.264815
