0 0.743229 0.468056 0.0229167 0.147222
0 0.88724 0.420833 0.0286458 0.075
0 0.753906 0.395833 0.0244792 0.0990741
0 0.945052 0.353241 0.0348958 0.137963
0 0.723177 0.463426 0.0286458 0.217593
0 0.00911458 0.651852 0.0182292 0.175926
0 0.852604 0.411574 0.0385417 0.102778
0 0.559635 0.490741 0.0536458 0.177778
0 0.969531 0.347685 0.0609375 0.300926
0 0.34401 0.490278 0.0630208 0.221296
0 0.914062 0.668056 0.170833 0.530556
0 0.798437 0.471759 0.0822917 0.512037
0 0.672396 0.46713 0.10625 0.639815
0 0.105208 0.571296 0.0854167 0.275926
