0 0.615104 0.472685 0.025 0.0898148
0 0.866406 0.583333 0.0692708 0.122222
0 0.659375 0.49537 0.0291667 0.087037
0 0.671615 0.493519 0.0296875 0.0833333
0 0.461458 0.455556 0.0552083 0.281481
0 0.73125 0.463426 0.0302083 0.149074
0 0.910417 0.427315 0.157292 0.369444
0 0.513021 0.537963 0.0666667 0.174074
0 0.627865 0.436574 0.0432292 0.173148
0 0.576823 0.547222 0.0713542 0.157407
0 0.63125 0.550463 0.0666667 0.126852
0 0.355208 0.4375 0.08125 0.234259
0 0.0911458 0.576389 0.0927083 0.260185
0 0.196354 0.507407 0.111458 0.481481
0 0.796354 0.488426 0.1 0.458333
