0 0.979688 0.893056 0.040625 0.206481
0 0.967969 0.476389 0.0640625 0.282407
0 0.585677 0.517593 0.0484375 0.105556
0 0.786198 0.473611 0.0161458 0.102778
0 0.595312 0.479167 0.028125 0.100926
0 0.801042 0.472222 0.0177083 0.1
0 0.764844 0.469444 0.0171875 0.112963
0 0.873177 0.42037 0.0192708 0.0555556
0 0.652604 0.475926 0.0333333 0.17963
0 0.933594 0.788889 0.131771 0.407407
0 0.905469 0.42963 0.0234375 0.0648148
0 0.538802 0.475463 0.0453125 0.230556
0 0.0820312 0.575926 0.0807292 0.277778
0 0.723177 0.471296 0.0255208 0.124074
