0 0.782552 0.479630 0.021354 0.066667
0 0.661719 0.419907 0.030729 0.134259
0 0.007031 0.625000 0.013021 0.131481
0 0.925260 0.415741 0.022396 0.064815
0 0.987240 0.337037 0.025521 0.070370
0 0.884375 0.415741 0.021875 0.087037
0 0.860417 0.435185 0.051042 0.218519
0 0.565104 0.492593 0.060417 0.161111
0 0.705729 0.465278 0.097917 0.330556
0 0.814583 0.465278 0.048958 0.323148
0 0.923438 0.644907 0.152083 0.562037
0 0.311979 0.450000 0.102083 0.629630
0 0.097135 0.566667 0.082812 0.277778
0 0.133073 0.412963 0.067187 0.133333
