0 0.0078125 0.707407 0.015625 0.0555556
0 0.628906 0.527778 0.0473958 0.087037
0 0.461458 0.399074 0.0479167 0.218519
0 0.967188 0.323611 0.0364583 0.152778
0 0.961198 0.419444 0.0776042 0.401852
0 0.859896 0.430093 0.0197917 0.0638889
0 0.348437 0.470833 0.0677083 0.200926
0 0.779427 0.462037 0.0359375 0.155556
0 0.922396 0.409259 0.0302083 0.0703704
0 0.832812 0.465741 0.078125 0.45
0 0.494271 0.469444 0.119792 0.461111
0 0.111979 0.575926 0.116667 0.266667
0 0.684375 0.468056 0.132292 0.437963
0 0.241667 0.56713 0.103125 0.219444
